  -6.6598790328953330E-006   9.99999978E-03
  -2.6637995117226864E-005   1.99999996E-02
  -5.9929786336994083E-005   2.99999993E-02
  -1.0652765326369717E-004   3.99999991E-02
  -1.6642096459364099E-004   5.00000007E-02
  -2.3959606503069609E-004   5.99999987E-02
  -3.2603628539973784E-004   7.00000003E-02
  -4.2572195497271538E-004   7.99999982E-02
  -5.3863041599370835E-004   9.00000036E-02
  -6.6473604037412318E-004  0.100000001    
  -8.0401024853614443E-004  0.109999999    
  -9.5642153037388765E-004  0.119999997    
  -1.1219354682981476E-003  0.129999995    
  -1.3005147623337621E-003  0.140000001    
  -1.4921192572245445E-003  0.150000006    
  -1.6967059715115339E-003  0.159999996    
  -1.9142291285331224E-003  0.170000002    
  -2.1446401893076938E-003  0.180000007    
  -2.3878878872413624E-003  0.189999998    
  -2.6439182646169003E-003  0.200000003    
  -2.9126747108041682E-003  0.209999993    
  -3.1940980021362008E-003  0.219999999    
  -3.4881263433977948E-003  0.230000004    
  -3.7946954108576845E-003  0.239999995    
  -4.1137383967927120E-003  0.250000000    
  -4.4451860554309518E-003  0.259999990    
  -4.7889667502552411E-003  0.270000011    
  -5.1450065025981928E-003  0.280000001    
  -5.5132290414638876E-003  0.289999992    
  -5.8935558545036319E-003  0.300000012    
  -6.2859062400821130E-003  0.310000002    
  -6.6901973603606278E-003  0.319999993    
  -7.1063442953273178E-003  0.330000013    
  -7.5342600977074880E-003  0.340000004    
  -7.9738558409127337E-003  0.349999994    
  -8.4250407143215966E-003  0.360000014    
  -8.8877220027400484E-003  0.370000005    
  -9.3618052217703963E-003  0.379999995    
  -9.8471941372207539E-003  0.389999986    
  -1.0343790831563240E-002  0.400000006    
  -1.0851495763012621E-002  0.409999996    
  -1.1370207824925132E-002  0.419999987    
  -1.1899824405446822E-002  0.430000007    
  -1.2440241447345955E-002  0.439999998    
  -1.2991353507966182E-002  0.449999988    
  -1.3553053819234434E-002  0.460000008    
  -1.4125234347661718E-002  0.469999999    
  -1.4707785854274107E-002  0.479999989    
  -1.5300597954415310E-002  0.490000010    
  -1.5903559177363177E-002  0.500000000    
  -1.6516557025698972E-002  0.509999990    
  -1.7139478069717030E-002  0.519999981    
  -1.7772207870946771E-002  0.529999971    
  -1.8414631234854397E-002  0.540000021    
  -1.9066632144254497E-002  0.550000012    
  -1.9728093846597117E-002  0.560000002    
  -2.0398898910777775E-002  0.569999993    
  -2.1078929283356730E-002  0.579999983    
  -2.1768066344143050E-002  0.589999974    
  -2.2466190961104929E-002  0.600000024    
  -2.3173183544565604E-002  0.610000014    
  -2.3888924100654095E-002  0.620000005    
  -2.4613292283969770E-002  0.629999995    
  -2.5346167449433635E-002  0.639999986    
  -2.6087428703294363E-002  0.649999976    
  -2.6836954953261199E-002  0.660000026    
  -2.7594624957737748E-002  0.670000017    
  -2.8360317374131513E-002  0.680000007    
  -2.9133910806218209E-002  0.689999998    
  -2.9915283850541669E-002  0.699999988    
  -3.0704315141824166E-002  0.709999979    
  -3.1500883397383037E-002  0.720000029    
  -3.2304867460524349E-002  0.730000019    
  -3.3116146342911747E-002  0.740000010    
  -3.3934599265892727E-002  0.750000000    
  -3.4760105700777047E-002  0.759999990    
  -3.5592545408054829E-002  0.769999981    
  -3.6431798475552168E-002  0.779999971    
  -3.7277745355516319E-002  0.790000021    
  -3.8130266900629838E-002  0.800000012    
  -3.8989244398948554E-002  0.810000002    
  -3.9854559607765482E-002  0.819999993    
  -4.0726094786401885E-002  0.829999983    
  -4.1603732727923698E-002  0.839999974    
  -4.2487356789792159E-002  0.850000024    
  -4.3376850923449124E-002  0.860000014    
  -4.4272099702844653E-002  0.870000005    
  -4.5172988351912691E-002  0.879999995    
  -4.6079402771002975E-002  0.889999986    
  -4.6991229562280100E-002  0.899999976    
  -4.7908356054092847E-002  0.910000026    
  -4.8830670324335440E-002  0.920000017    
  -4.9758061222798633E-002  0.930000007    
  -5.0690418392535290E-002  0.939999998    
  -5.1627632290242927E-002  0.949999988    
  -5.2569594205686909E-002  0.959999979    
  -5.3516196280167211E-002  0.970000029    
  -5.4467331524053433E-002  0.980000019    
  -5.5422893833397067E-002  0.990000010    
  -5.6382778005639407E-002   1.00000000    
  -5.7346879754429952E-002   1.00999999    
  -5.8315095900990030E-002   1.01999998    
  -5.9287323690227399E-002   1.02999997    
  -6.0263461830095080E-002   1.03999996    
  -6.1243409830091765E-002   1.04999995    
  -6.2227068177271291E-002   1.05999994    
  -6.3214338346086127E-002   1.07000005    
  -6.4205122807463363E-002   1.08000004    
  -6.5199325037129371E-002   1.09000003    
  -6.6196849523204829E-002   1.10000002    
  -6.7197601773085716E-002   1.11000001    
  -6.8201488319633935E-002   1.12000000    
  -6.9208416726684735E-002   1.13000000    
  -7.0218295593904689E-002   1.13999999    
  -7.1231034561005380E-002   1.14999998    
  -7.2246544311336577E-002   1.15999997    
  -7.3264736574878947E-002   1.16999996    
  -7.4285524130650343E-002   1.17999995    
  -7.5308820808544674E-002   1.19000006    
  -7.6334541490623742E-002   1.20000005    
  -7.7362602111877982E-002   1.21000004    
  -7.8392919660469712E-002   1.22000003    
  -7.9425412177485416E-002   1.23000002    
  -8.0459998756203244E-002   1.24000001    
  -8.1496599540902256E-002   1.25000000    
  -8.2535135725224501E-002   1.25999999    
  -8.3575529550103625E-002   1.26999998    
  -8.4617704301288080E-002   1.27999997    
  -8.5661584306458274E-002   1.28999996    
  -8.6707094931968390E-002   1.29999995    
  -8.7754162579218906E-002   1.30999994    
  -8.8802714680676478E-002   1.32000005    
  -8.9852679695558782E-002   1.33000004    
  -9.0903987105199355E-002   1.34000003    
  -9.1956567408097808E-002   1.35000002    
  -9.3010352114682893E-002   1.36000001    
  -9.4065273741791910E-002   1.37000000    
  -9.5121265806882460E-002   1.38000000    
  -9.6178262821990892E-002   1.38999999    
  -9.7236200287448615E-002   1.39999998    
  -9.8295014685370316E-002   1.40999997    
  -9.9354643472920681E-002   1.41999996    
 -0.10041502507538538        1.42999995    
 -0.10147609887903684        1.44000006    
 -0.10253780522382300        1.45000005    
 -0.10360008539588435        1.46000004    
 -0.10466288161990889        1.47000003    
 -0.10572613705133435        1.48000002    
 -0.10678979576841044        1.49000001    
 -0.10785380276412894        1.50000000    
 -0.10891810393803468        1.50999999    
 -0.10998264608791729        1.51999998    
 -0.11104737690140454        1.52999997    
 -0.11211224494745466        1.53999996    
 -0.11317719966776792        1.54999995    
 -0.11424219136810905        1.55999994    
 -0.11530717120956950        1.57000005    
 -0.11637209119975225        1.58000004    
 -0.11743690418391196        1.59000003    
 -0.11850156383603377        1.60000002    
 -0.11956602464987767        1.61000001    
 -0.12063024192997887        1.62000000    
 -0.12169417178261967        1.63000000    
 -0.12275777110677950        1.63999999    
 -0.12382099758505916        1.64999998    
 -0.12488380967459577        1.65999997    
 -0.12594616659796898        1.66999996    
 -0.12700802833410321        1.67999995    
 -0.12806935560917040        1.69000006    
 -0.12913010988750045        1.70000005    
 -0.13019025336250153        1.71000004    
 -0.13124974894759661        1.72000003    
 -0.13230856026717647        1.73000002    
 -0.13336665164757888        1.74000001    
 -0.13442398810809236        1.75000000    
 -0.13548053535199031        1.75999999    
 -0.13653625975760122        1.76999998    
 -0.13759112836941370        1.77999997    
 -0.13864510888921927        1.78999996    
 -0.13969816966730547        1.79999995    
 -0.14075027969368634        1.80999994    
 -0.14180140858938656        1.82000005    
 -0.14285152659777522        1.83000004    
 -0.14390060457595211        1.84000003    
 -0.14494861398619066        1.85000002    
 -0.14599552688743486        1.86000001    
 -0.14704131592686223        1.87000000    
 -0.14808595433150315        1.88000000    
 -0.14912941589992471        1.88999999    
 -0.15017167499397702        1.89999998    
 -0.15121270653061158        1.90999997    
 -0.15225248597376065        1.91999996    
 -0.15329098932629207        1.92999995    
 -0.15432819312202598        1.94000006    
 -0.15536407498123567        1.95000005    
 -0.15639861136200395        1.96000004    
 -0.15743178089458454        1.97000003    
 -0.15846356215827470        1.98000002    
 -0.15949393422452374        1.99000001    
 -0.16052287664939655        2.00000000    
 -0.16155036946611431        2.00999999    
 -0.16257639317766931        2.01999998    
 -0.16360092874951973        2.02999997    
 -0.16462395760236107        2.03999996    
 -0.16564546160497712        2.04999995    
 -0.16666542306716481        2.05999994    
 -0.16768382473274529        2.06999993    
 -0.16870064977264776        2.07999992    
 -0.16971588177807262        2.08999991    
 -0.17072950475373930        2.09999990    
 -0.17174150311120542        2.10999990    
 -0.17275186166227086        2.11999989    
 -0.17376056561245845        2.13000011    
 -0.17476760055457491        2.14000010    
 -0.17577295246234839        2.15000010    
 -0.17677660768414996        2.16000009    
 -0.17777855293678343        2.16999984    
 -0.17877877529936712        2.18000007    
 -0.17977726220728016        2.19000006    
 -0.18077400144619574        2.20000005    
 -0.18176898114618950        2.20999980    
 -0.18276218977591996        2.22000003    
 -0.18375361613689434        2.23000002    
 -0.18474324935780076        2.24000001    
 -0.18573107888892465        2.24999976    
 -0.18671709449663554        2.25999999    
 -0.18770128625794882        2.27000022    
 -0.18868364455516470        2.27999997    
 -0.18966416007057788        2.28999996    
 -0.19064282378126152        2.29999995    
 -0.19161962695392545        2.31000018    
 -0.19259456113984100        2.31999993    
 -0.19356761816984744        2.32999992    
 -0.19453879014941733        2.33999991    
 -0.19550806945380061        2.35000014    
 -0.19647544872323763        2.35999990    
 -0.19744092085823481        2.36999989    
 -0.19840447901491814        2.38000011    
 -0.19936611660044690        2.39000010    
 -0.20032582726849640        2.40000010    
 -0.20128360491481304        2.40999985    
 -0.20223944367282384        2.42000008    
 -0.20319333790932134        2.43000007    
 -0.20414528222020847        2.44000006    
 -0.20509527142630732        2.44999981    
 -0.20604330056923273        2.46000004    
 -0.20698936490732364        2.47000003    
 -0.20793345991164472        2.48000002    
 -0.20887558126204012        2.48999977    
 -0.20981572484325212        2.50000000    
 -0.21075388674109874        2.51000023    
 -0.21169006323871131        2.51999998    
 -0.21262425081282757        2.52999997    
 -0.21355644613014349        2.53999996    
 -0.21448664604372567        2.55000019    
 -0.21541484758947135        2.55999994    
 -0.21634104798263437        2.56999993    
 -0.21726524461439622        2.57999992    
 -0.21818743504849933        2.59000015    
 -0.21910761701792653        2.59999990    
 -0.22002578842164169        2.60999990    
 -0.22094194732137126        2.61999989    
 -0.22185609193844699        2.63000011    
 -0.22276822065069823        2.64000010    
 -0.22367833198938442        2.64999986    
 -0.22458642463619199        2.66000009    
 -0.22549249742026872        2.67000008    
 -0.22639654931530828        2.68000007    
 -0.22729857943668763        2.68999982    
 -0.22819858703864257        2.70000005    
 -0.22909657151149801        2.71000004    
 -0.22999253237893641        2.72000003    
 -0.23088646929531706        2.72999978    
 -0.23177838204303383        2.74000001    
 -0.23266827052992242        2.75000024    
 -0.23355613478670506        2.75999999    
 -0.23444197496448210        2.76999998    
 -0.23532579133226050        2.77999997    
 -0.23620758427453084        2.79000020    
 -0.23708735428887465        2.79999995    
 -0.23796510198362356        2.80999994    
 -0.23884082807554549        2.81999993    
 -0.23971453338758067        2.83000016    
 -0.24058621884660766        2.83999991    
 -0.24145588548125346        2.84999990    
 -0.24232353441973387        2.85999990    
 -0.24318916688773698        2.87000012    
 -0.24405278420633977        2.88000011    
 -0.24491438778995872        2.88999987    
 -0.24577397914433774        2.90000010    
 -0.24663155986456914        2.91000009    
 -0.24748713163315089        2.92000008    
 -0.24834069621807103        2.92999983    
 -0.24919225547093546        2.94000006    
 -0.25004181132511377        2.95000005    
 -0.25088936579393517        2.96000004    
 -0.25173492096889433        2.96999979    
 -0.25257847901790870        2.98000002    
 -0.25342004218359093        2.99000001    
 -0.25425961278156067        3.00000000    
 -0.25509719319877988        3.00999999    
 -0.25593278589192053        3.01999998    
 -0.25676639338576024        3.03000021    
 -0.25759801827160472        3.03999996    
 -0.25842766320574101        3.04999995    
 -0.25925533090791092        3.05999994    
 -0.26008102415982065        3.07000017    
 -0.26090474580366985        3.07999992    
 -0.26172649874070969        3.08999991    
 -0.26254628592982526        3.09999990    
 -0.26336411038614316        3.11000013    
 -0.26417997517966285        3.11999989    
 -0.26499388343391644        3.12999988    
 -0.26580583832464955        3.14000010    
 -0.26661584307852065        3.15000010    
 -0.26742390097183288        3.16000009    
 -0.26823001532928387        3.16999984    
 -0.26903418952273639        3.18000007    
 -0.26983642697001642        3.19000006    
 -0.27063673113372499        3.20000005    
 -0.27143510552007993        3.20999980    
 -0.27223155367777052        3.22000003    
 -0.27302607919684152        3.23000002    
 -0.27381868570758827        3.24000001    
 -0.27460937687947973        3.24999976    
 -0.27539815642009385        3.25999999    
 -0.27618502807407991        3.27000022    
 -0.27696999562213348        3.27999997    
 -0.27775306287999330        3.28999996    
 -0.27853423369745584        3.29999995    
 -0.27931351195740789        3.31000018    
 -0.28009090157487704        3.31999993    
 -0.28086640649609834        3.32999992    
 -0.28164003069760085        3.33999991    
 -0.28241177818530716        3.35000014    
 -0.28318165299365561        3.35999990    
 -0.28394965918473075        3.36999989    
 -0.28471580084741815        3.38000011    
 -0.28548008209656683        3.39000010    
 -0.28624250707217658        3.40000010    
 -0.28700307993858898        3.40999985    
 -0.28776180488370612        3.42000008    
 -0.28851868611821374        3.43000007    
 -0.28927372787482325        3.44000006    
 -0.29002693440752964        3.44999981    
 -0.29077830999087950        3.46000004    
 -0.29152785891925687        3.47000003    
 -0.29227558550617516        3.48000002    
 -0.29302149408359612        3.48999977    
 -0.29376558900124694        3.50000000    
 -0.29450787462595629        3.51000023    
 -0.29524835534101074        3.51999998    
 -0.29598703554550682        3.52999997    
 -0.29672391965373335        3.53999996    
 -0.29745901209455083        3.55000019    
 -0.29819231731079254        3.55999994    
 -0.29892383975867376        3.56999993    
 -0.29965358390720909        3.57999992    
 -0.30038155423764978        3.59000015    
 -0.30110775524292221        3.59999990    
 -0.30183219142708184        3.60999990    
 -0.30255486730478026        3.61999989    
 -0.30327578740073691        3.63000011    
 -0.30399495624922790        3.64000010    
 -0.30471237839357529        3.64999986    
 -0.30542805838566023        3.66000009    
 -0.30614200078542908        3.67000008    
 -0.30685421016042441        3.68000007    
 -0.30756469108531631        3.68999982    
 -0.30827344814144636        3.70000005    
 -0.30898048591637661        3.71000004    
 -0.30968580900345716        3.72000003    
 -0.31038942200139019        3.72999978    
 -0.31109132951381130        3.74000001    
 -0.31179153614887428        3.75000024    
 -0.31249004651885032        3.75999999    
 -0.31318686523972900        3.76999998    
 -0.31388199693083052        3.77999997    
 -0.31457544621442424        3.79000020    
 -0.31526721771535776        3.79999995    
 -0.31595731606068983        3.80999994    
 -0.31664574587933531        3.81999993    
 -0.31733251180171279        3.83000016    
 -0.31801761845940246        3.83999991    
 -0.31870107048481117        3.84999990    
 -0.31938287251084135        3.85999990    
 -0.32006302917056983        3.87000012    
 -0.32074154509693670        3.88000011    
 -0.32141842492242889        3.88999987    
 -0.32209367327878380        3.90000010    
 -0.32276729479669297        3.91000009    
 -0.32343929410551087        3.92000008    
 -0.32410967583297234        3.92999983    
 -0.32477844460491584        3.94000006    
 -0.32544560504501191        3.95000005    
 -0.32611116177449845        3.96000004    
 -0.32677511941191895        3.96999979    
 -0.32743748257287009        3.98000002    
 -0.32809825586975550        3.99000001    
 -0.32875744391153644        4.00000000    
 -0.32941505130350135        4.00999975    
 -0.33007108264702906        4.01999998    
 -0.33072554253936176        4.03000021    
 -0.33137843557338470        4.03999996    
 -0.33202976633740677        4.04999971    
 -0.33267953941495138        4.05999994    
 -0.33332775938454418        4.07000017    
 -0.33397443081951506        4.07999992    
 -0.33461955828779721        4.08999968    
 -0.33526314635173293        4.09999990    
 -0.33590519956788822        4.11000013    
 -0.33654572248686293        4.11999989    
 -0.33718471965311425        4.12999964    
 -0.33782219560477872        4.13999987    
 -0.33845815487349995        4.15000010    
 -0.33909260198426211        4.15999985    
 -0.33972554145522382        4.17000008    
 -0.34035697779755991        4.17999983    
 -0.34098691551530463        4.19000006    
 -0.34161535910519719        4.19999981    
 -0.34224231305653929        4.21000004    
 -0.34286778185104128        4.21999979    
 -0.34349176996268693        4.23000002    
 -0.34411428185759446        4.23999977    
 -0.34473532199388074        4.25000000    
 -0.34535489482152998        4.26000023    
 -0.34597300478226883        4.26999998    
 -0.34658965630943911        4.28000021    
 -0.34720485382787702        4.28999996    
 -0.34781860175379520        4.30000019    
 -0.34843090449466968        4.30999994    
 -0.34904176644912510        4.32000017    
 -0.34965119200682665        4.32999992    
 -0.35025918554837476        4.33999968    
 -0.35086575144520282        4.34999990    
 -0.35147089405947313        4.36000013    
 -0.35207461774398296        4.36999989    
 -0.35267692684206936        4.38000011    
 -0.35327782568751503        4.39000034    
 -0.35387731860445953        4.40000010    
 -0.35447540990731413        4.40999985    
 -0.35507210390067584        4.41999960    
 -0.35566740487924264        4.43000031    
 -0.35626131712774012        4.44000006    
 -0.35685384492083982        4.44999981    
 -0.35744499252308626        4.46000004    
 -0.35803476418882113        4.47000027    
 -0.35862316416211926        4.48000002    
 -0.35921019667671428        4.48999977    
 -0.35979586595593688        4.49999952    
 -0.36038017621264923        4.51000023    
 -0.36096313164918326        4.51999998    
 -0.36154473645728219        4.52999973    
 -0.36212499481804017        4.54000044    
 -0.36270391090185322        4.55000019    
 -0.36328148886835604        4.55999994    
 -0.36385773286637757        4.56999969    
 -0.36443264703388828        4.57999992    
 -0.36500623549795291        4.59000015    
 -0.36557850237468403        4.59999990    
 -0.36614945176919511        4.60999966    
 -0.36671908777556111        4.62000036    
 -0.36728741447677626        4.63000011    
 -0.36785443594471512        4.63999987    
 -0.36842015624009167        4.65000010    
 -0.36898457941242696        4.65999985    
 -0.36954770950001126        4.67000008    
 -0.37010955052987532        4.67999983    
 -0.37067010651775184        4.69000006    
 -0.37122938146805218        4.70000029    
 -0.37178737937383460        4.71000004    
 -0.37234410421677500        4.71999979    
 -0.37289955996714452        4.73000002    
 -0.37345375058378322        4.73999977    
 -0.37400668001407750        4.75000000    
 -0.37455835219393729        4.76000023    
 -0.37510877104777540        4.76999998    
 -0.37565794048849116        4.78000021    
 -0.37620586441744569        4.78999996    
 -0.37675254672445257        4.80000019    
 -0.37729799128775782        4.80999994    
 -0.37784220197402496        4.81999969    
 -0.37838518263832410        4.82999992    
 -0.37892693712411613        4.84000015    
 -0.37946746926324609        4.84999990    
 -0.38000678287592926        4.86000013    
 -0.38054488177074197        4.87000036    
 -0.38108176974461677        4.88000011    
 -0.38161745058283308        4.88999987    
 -0.38215192805900899        4.89999962    
 -0.38268520593510102        4.91000032    
 -0.38321728796139642        4.92000008    
 -0.38374817787651078        4.92999983    
 -0.38427787940738578        4.94000006    
 -0.38480639626928670        4.95000029    
 -0.38533373216580386        4.96000004    
 -0.38585989078885186        4.96999979    
 -0.38638487581866859        4.97999954    
 -0.38690869092382124        4.99000025    
 -0.38743133976120653        5.00000000    
 -0.38795282597605224        5.00999975    
 -0.38847315320192666        5.02000046    
 -0.38899232506073750        5.03000021    
 -0.38951034516274297        5.03999996    
 -0.39002721710655430        5.04999971    
 -0.39054294447914573        5.05999994    
 -0.39105753085585837        5.07000017    
 -0.39157097980041577        5.07999992    
 -0.39208329486492460        5.08999968    
 -0.39259447958989035        5.10000038    
 -0.39310453750422392        5.11000013    
 -0.39361347212525755        5.11999989    
 -0.39412128695875009        5.12999964    
 -0.39462798549890521        5.13999987    
 -0.39513357122837989        5.15000010    
 -0.39563804761829929        5.15999985    
 -0.39614141812827114        5.17000008    
 -0.39664368620640011        5.18000031    
 -0.39714485528930188        5.19000006    
 -0.39764492880211932        5.19999981    
 -0.39814391015853701        5.21000004    
 -0.39864180276079869        5.21999979    
 -0.39913860999972750        5.23000002    
 -0.39963433525473624        5.23999977    
 -0.40012898189385154        5.25000000    
 -0.40062255327372776        5.26000023    
 -0.40111505273966935        5.26999998    
 -0.40160648362564755        5.28000021    
 -0.40209684925432021        5.28999996    
 -0.40258615293705297        5.29999971    
 -0.40307439797393718        5.30999994    
 -0.40356158765381350        5.32000017    
 -0.40404772525429117        5.32999992    
 -0.40453281404177077        5.34000015    
 -0.40501685727146330        5.34999990    
 -0.40549985818741546        5.36000013    
 -0.40598182002252980        5.36999989    
 -0.40646274599858978        5.37999964    
 -0.40694263932628133        5.39000034    
 -0.40742150320521486        5.40000010    
 -0.40789934082395368        5.40999985    
 -0.40837615536003224        5.42000008    
 -0.40885194997998492        5.43000031    
 -0.40932672783936774        5.44000006    
 -0.40980049208278529        5.44999981    
 -0.41027324584391378        5.45999956    
 -0.41074499224552952        5.47000027    
 -0.41121573439953019        5.48000002    
 -0.41168547540696532        5.48999977    
 -0.41215421835805854        5.50000048    
 -0.41262196633223547        5.51000023    
 -0.41308872239815153        5.51999998    
 -0.41355448961371666        5.52999973    
 -0.41401927102612268        5.53999996    
 -0.41448306967187137        5.55000019    
 -0.41494588857680087        5.55999994    
 -0.41540773075611398        5.56999969    
 -0.41586859921440555        5.58000040    
 -0.41632849694569030        5.59000015    
 -0.41678742693343046        5.59999990    
 -0.41724539215056494        5.60999966    
 -0.41770239555953703        5.61999989    
 -0.41815844011232423        5.63000011    
 -0.41861352875046437        5.63999987    
 -0.41906766440508625        5.65000010    
 -0.41952084999694000        5.66000032    
 -0.41997308843642200        5.67000008    
 -0.42042438262360848        5.67999983    
 -0.42087473544828297        5.69000006    
 -0.42132414978996574        5.69999981    
 -0.42177262851794223        5.71000004    
 -0.42222017449129612        5.71999979    
 -0.42266679055893597        5.73000002    
 -0.42311247955962605        5.74000025    
 -0.42355724432201780        5.75000000    
 -0.42400108766467659        5.76000023    
 -0.42444401239611657        5.76999998    
 -0.42488602131482639        5.77999973    
 -0.42532711720930200        5.78999996    
 -0.42576730285807779        5.80000019    
 -0.42620658102975340        5.80999994    
 -0.42664495448303041        5.82000017    
 -0.42708242596673557        5.82999992    
 -0.42751899821985789        5.84000015    
 -0.42795467397157538        5.84999990    
 -0.42838945594128774        5.85999966    
 -0.42882334683864753        5.87000036    
 -0.42925634936358881        5.88000011    
 -0.42968846620636036        5.88999987    
 -0.43011970004755590        5.90000010    
 -0.43055005355814402        5.91000032    
 -0.43097952939950218        5.92000008    
 -0.43140813022344338        5.92999983    
 -0.43183585867225266        5.93999958    
 -0.43226271737871214        5.95000029    
 -0.43268870896613909        5.96000004    
 -0.43311383604840964        5.96999979    
 -0.43353810122999642        5.98000002    
 -0.43396150710599557        5.99000025    
 -0.43438405626216031        6.00000000    
 -0.43480575127493154        6.00999975    
 -0.43522659471146757        6.01999998    
 -0.43564658912967774        6.03000021    
 -0.43606573707825319        6.03999996    
 -0.43648404109669608        6.04999971    
 -0.43690150371535297        6.06000042    
 -0.43731812745544474        6.07000017    
 -0.43773391482910029        6.07999992    
 -0.43814886833938332        6.08999968    
 -0.43856299048032810        6.09999990    
 -0.43897628373696745        6.11000013    
 -0.43938875058536597        6.11999989    
 -0.43980039349264932        6.12999964    
 -0.44021121491703796        6.14000034    
 -0.44062121730787462        6.15000010    
 -0.44103040310565950        6.15999985    
 -0.44143877474207743        6.17000008    
 -0.44184633464003303        6.17999983    
 -0.44225308521367668        6.19000006    
 -0.44265902886844133        6.19999981    
 -0.44306416800106679        6.21000004    
 -0.44346850499963802        6.22000027    
 -0.44387204224360938        6.23000002    
 -0.44427478210384030        6.23999977    
 -0.44467672694262189        6.25000000    
 -0.44507787911371222        6.25999975    
 -0.44547824096236349        6.26999998    
 -0.44587781482535321        6.28000021    
 -0.44627660303101785        6.28999996    
 -0.44667460789927899        6.30000019    
 -0.44707183174167653        6.30999994    
 -0.44746827686139878        6.32000017    
 -0.44786394555331305        6.32999992    
 -0.44825884010399508        6.33999968    
 -0.44865296279176037        6.34999990    
 -0.44904631588669447        6.36000013    
 -0.44943890165068240        6.36999989    
 -0.44983072233743904        6.38000011    
 -0.45022178019253967        6.39000034    
 -0.45061207745345100        6.40000010    
 -0.45100161634955727        6.40999985    
 -0.45139039910219525        6.41999960    
 -0.45177842792468170        6.43000031    
 -0.45216570502234177        6.44000006    
 -0.45255223259254174        6.44999981    
 -0.45293801282471563        6.46000004    
 -0.45332304790039807        6.47000027    
 -0.45370733999325125        6.48000002    
 -0.45409089126909535        6.48999977    
 -0.45447370388593844        6.49999952    
 -0.45485577999400378        6.51000023    
 -0.45523712173576342        6.51999998    
 -0.45561773124596250        6.52999973    
 -0.45599761065165029        6.54000044    
 -0.45637676207221195        6.55000019    
 -0.45675518761939260        6.55999994    
 -0.45713288939732999        6.56999969    
 -0.45750986950258254        6.57999992    
 -0.45788613002415574        6.59000015    
 -0.45826167304353499        6.59999990    
 -0.45863650063471217        6.60999966    
 -0.45901061486421235        6.62000036    
 -0.45938401779112487        6.63000011    
 -0.45975671146713104        6.63999987    
 -0.46012869793653272        6.65000010    
 -0.46049997923627983        6.65999985    
 -0.46087055739599925        6.67000008    
 -0.46124043443802115        6.67999983    
 -0.46160961237741083        6.69000006    
 -0.46197809322199268        6.70000029    
 -0.46234587897238016        6.71000004    
 -0.46271297162200248        6.71999979    
 -0.46307937315713232        6.73000002    
 -0.46344508555691782        6.73999977    
 -0.46381011079340057        6.75000000    
 -0.46417445083155279        6.76000023    
 -0.46453810762929926        6.76999998    
 -0.46490108313754691        6.78000021    
 -0.46526337930021028        6.78999996    
 -0.46562499805423968        6.80000019    
 -0.46598594132964882        6.80999994    
 -0.46634621104953999        6.81999969    
 -0.46670580913013310        6.82999992    
 -0.46706473748079014        6.84000015    
 -0.46742299800404452        6.84999990    
 -0.46778059259562482        6.86000013    
 -0.46813752314448343        6.87000036    
 -0.46849379153282383        6.88000011    
 -0.46884939963612232        6.88999987    
 -0.46920434932315996        6.89999962    
 -0.46955864245604551        6.91000032    
 -0.46991228089024234        6.92000008    
 -0.47026526647459477        6.92999983    
 -0.47061760105135297        6.94000006    
 -0.47096928645619945        6.95000029    
 -0.47132032451827582        6.96000004    
 -0.47167071706020708        6.96999979    
 -0.47202046589812718        6.97999954    
 -0.47236957284170566        6.99000025    
 -0.47271803969417214        7.00000000    
 -0.47306586825234126        7.00999975    
 -0.47341306030664060        7.02000046    
 -0.47375961764113228        7.03000021    
 -0.47410554203353916        7.03999996    
 -0.47445083525527132        7.04999971    
 -0.47479549907144969        7.05999994    
 -0.47513953524093078        7.07000017    
 -0.47548294551633263        7.07999992    
 -0.47582573164405612        7.08999968    
 -0.47616789536431559        7.10000038    
 -0.47650943841115628        7.11000013    
 -0.47685036251248392        7.11999989    
 -0.47719066939008664        7.12999964    
 -0.47753036075965971        7.13999987    
 -0.47786943833083018        7.15000010    
 -0.47820790380717826        7.15999985    
 -0.47854575888626633        7.17000008    
 -0.47888300525965827        7.18000031    
 -0.47921964461294431        7.19000006    
 -0.47955567862576681        7.19999981    
 -0.47989110897184084        7.21000004    
 -0.48022593731897989        7.21999979    
 -0.48056016532911777        7.23000002    
 -0.48089379465833287        7.23999977    
 -0.48122682695687219        7.25000000    
 -0.48155926386917164        7.26000023    
 -0.48189110703388310        7.26999998    
 -0.48222235808389363        7.28000021    
 -0.48255301864635081        7.28999996    
 -0.48288309034268417        7.29999971    
 -0.48321257478863022        7.30999994    
 -0.48354147359425104        7.32000017    
 -0.48386978836396027        7.32999992    
 -0.48419752069654542        7.34000015    
 -0.48452467218518824        7.34999990    
 -0.48485124441748778        7.36000013    
 -0.48517723897548459        7.36999989    
 -0.48550265743567950        7.37999964    
 -0.48582750136905900        7.39000034    
 -0.48615177234111301        7.40000010    
 -0.48647547191186313        7.40999985    
 -0.48679860163587774        7.42000008    
 -0.48712116306229680        7.43000031    
 -0.48744315773485503        7.44000006    
 -0.48776458719189925        7.44999981    
 -0.48808545296641515        7.45999956    
 -0.48840575658604385        7.47000027    
 -0.48872549957310546        7.48000002    
 -0.48904468344462010        7.48999977    
 -0.48936330971232878        7.50000048    
 -0.48968137988271460        7.51000023    
 -0.48999889545702424        7.51999998    
 -0.49031585793128746        7.52999973    
 -0.49063226879633914        7.53999996    
 -0.49094812953783934        7.55000019    
 -0.49126344163629404        7.55999994    
 -0.49157820656707552        7.56999969    
 -0.49189242580044445        7.58000040    
 -0.49220610080156668        7.59000015    
 -0.49251923303053674        7.59999990    
 -0.49283182394239922        7.60999966    
 -0.49314387498716294        7.61999989    
 -0.49345538760982693        7.63000011    
 -0.49376636325039874        7.63999987    
 -0.49407680334391235        7.65000010    
 -0.49438670932045092        7.66000032    
 -0.49469608260516446        7.67000008    
 -0.49500492461829027        7.67999983    
 -0.49531323677517186        7.69000006    
 -0.49562102048628004        7.69999981    
 -0.49592827715723148        7.71000004    
 -0.49623500818880650        7.71999979    
 -0.49654121497696985        7.73000002    
 -0.49684689891289113        7.74000025    
 -0.49715206138296175        7.75000000    
 -0.49745670376881423        7.76000023    
 -0.49776082744734212        7.76999998    
 -0.49806443379071796        7.77999973    
 -0.49836752416641372        7.78999996    
 -0.49867009993721695        7.80000019    
 -0.49897216246125148        7.80999994    
 -0.49927371309199503        7.82000017    
 -0.49957475317829764        7.82999992    
 -0.49987528406440090        7.84000015    
 -0.50017530708995583        7.84999990    
 -0.50047482359004025        7.85999966    
 -0.50077383489517924        7.87000036    
 -0.50107234233136022        7.88000011    
 -0.50137034722005469        7.88999987    
 -0.50166785087823096        7.90000010    
 -0.50196485461837792        7.91000032    
 -0.50226135974851882        7.92000008    
 -0.50255736757223102        7.92999983    
 -0.50285287938866163        7.93999958    
 -0.50314789649254810        7.95000029    
 -0.50344242017423224        7.96000004    
 -0.50373645171968107        7.96999979    
 -0.50402999241050184        7.98000002    
 -0.50432304352395918        7.99000025    
 -0.50461560633299518        8.00000000    
 -0.50490768210624293        8.01000023    
 -0.50519927210804594        8.01999950    
 -0.50549037759847393        8.02999973    
 -0.50578099983334202        8.03999996    
 -0.50607114006422282        8.05000019    
 -0.50636079953846946        8.06000042    
 -0.50664997949922685        8.06999969    
 -0.50693868118545171        8.07999992    
 -0.50722690583192920        8.09000015    
 -0.50751465466928525        8.09999943    
 -0.50780192892400899        8.10999966    
 -0.50808872981846531        8.11999989    
 -0.50837505857091225        8.13000011    
 -0.50866091639551536        8.14000034    
 -0.50894630450236877        8.15000057    
 -0.50923122409750565        8.15999985    
 -0.50951567638291795        8.17000008    
 -0.50979966255657017        8.17999935    
 -0.51008318381241757        8.19000053    
 -0.51036624134041997        8.19999981    
 -0.51064883632655844        8.21000004    
 -0.51093096995284926        8.22000027    
 -0.51121264339736461        8.23000050    
 -0.51149385783424106        8.23999977    
 -0.51177461443370087        8.25000000    
 -0.51205491436206441        8.25999928    
 -0.51233475878176604        8.27000046    
 -0.51261414885137002        8.27999973    
 -0.51289308572558578        8.28999996    
 -0.51317157055528284        8.30000019    
 -0.51344960448750521        8.31000042    
 -0.51372718866548783        8.31999969    
 -0.51400432422866915        8.32999992    
 -0.51428101231270995        8.34000015    
 -0.51455725404950536        8.35000038    
 -0.51483305056719908        8.35999966    
 -0.51510840299020022        8.36999989    
 -0.51538331243919722        8.38000011    
 -0.51565778003117158        8.39000034    
 -0.51593180687941398        8.39999962    
 -0.51620539409353650        8.40999985    
 -0.51647854277949057        8.42000008    
 -0.51675125403957733        8.43000031    
 -0.51702352897246517        8.43999958    
 -0.51729536867319992        8.44999981    
 -0.51756677423322617        8.46000004    
 -0.51783774674039262        8.47000027    
 -0.51810828727897318        8.47999954    
 -0.51837839692967669        8.48999977    
 -0.51864807676966285        8.50000000    
 -0.51891732787255695        8.51000023    
 -0.51918615130845991        8.52000046    
 -0.51945454814396652        8.52999973    
 -0.51972251944217596        8.53999996    
 -0.51999006626270738        8.55000019    
 -0.52025718966171230        8.56000042    
 -0.52052389069188865        8.56999969    
 -0.52079017040249376        8.57999992    
 -0.52105602983935928        8.59000015    
 -0.52132147004490181        8.60000038    
 -0.52158649205813912        8.60999966    
 -0.52185109691470177        8.61999989    
 -0.52211528564684573        8.62999916    
 -0.52237905928346751        8.64000034    
 -0.52264241885011542        8.65000057    
 -0.52290536536900356        8.65999985    
 -0.52316789985902379        8.67000008    
 -0.52343002333575972        8.67999935    
 -0.52369173681149983        8.68999958    
 -0.52395304129524833        8.69999981    
 -0.52421393779274039        8.71000004    
 -0.52447442730645266        8.72000027    
 -0.52473451083561684        8.73000050    
 -0.52499418937623221        8.73999977    
 -0.52525346392107930        8.75000000    
 -0.52551233545972931        8.76000023    
 -0.52577080497856021        8.76999950    
 -0.52602887346076588        8.78000069    
 -0.52628654188637092        8.78999996    
 -0.52654381123224181        8.80000019    
 -0.52680068247209777        8.81000042    
 -0.52705715657652630        8.81999969    
 -0.52731323451299150        8.82999992    
 -0.52756891724584953        8.83999920    
 -0.52782420573635680        8.84999943    
 -0.52807910094268651        8.86000061    
 -0.52833360381993588        8.86999989    
 -0.52858771532014259        8.88000011    
 -0.52884143639229120        8.89000034    
 -0.52909476798233046        8.89999962    
 -0.52934771103318179        8.90999985    
 -0.52960026648475034        8.92000008    
 -0.52985243527393910        8.93000031    
 -0.53010421833465859        8.94000053    
 -0.53035561659783892        8.94999981    
 -0.53060663099144112        8.96000004    
 -0.53085726244046894        8.97000027    
 -0.53110751186697924        8.97999954    
 -0.53135738019009504        8.98999977    
 -0.53160686832601378        8.99999905    
 -0.53185597718802269        9.01000023    
 -0.53210470768650564        9.02000046    
 -0.53235306072895650        9.02999973    
 -0.53260103721999141        9.03999996    
 -0.53284863806135618        9.05000019    
 -0.53309586415194077        9.05999947    
 -0.53334271638778918        9.06999969    
 -0.53358919566210805        9.08000088    
 -0.53383530286528080        9.09000015    
 -0.53408103888487657        9.10000038    
 -0.53432640460566172        9.10999966    
 -0.53457140090960908        9.11999989    
 -0.53481602867591105        9.13000011    
 -0.53506028878098777        9.13999939    
 -0.53530418209849839        9.15000057    
 -0.53554770949935315        9.15999985    
 -0.53579087185172114        9.17000008    
 -0.53603367002104318        9.18000031    
 -0.53627610487004018        9.18999958    
 -0.53651817725872553        9.19999981    
 -0.53675988804441210        9.21000004    
 -0.53700123808172773        9.21999931    
 -0.53724222822261936        9.23000050    
 -0.53748285931636774        9.24000072    
 -0.53772313220959578        9.25000000    
 -0.53796304774627757        9.26000023    
 -0.53820260676775167        9.26999950    
 -0.53844181011272674        9.27999973    
 -0.53868065861729475        9.28999996    
 -0.53891915311494065        9.30000019    
 -0.53915729443654892        9.31000042    
 -0.53939508341041853        9.31999969    
 -0.53963252086226876        9.32999992    
 -0.53986960761524994        9.34000015    
 -0.54010634448995387        9.34999943    
 -0.54034273230442276        9.35999966    
 -0.54057877187415937        9.37000084    
 -0.54081446401213529        9.38000011    
 -0.54104980952880166        9.39000034    
 -0.54128480923209965        9.40000057    
 -0.54151946392746730        9.40999985    
 -0.54175377441784989        9.42000008    
 -0.54198774150371132        9.42999935    
 -0.54222136598303972        9.43999958    
 -0.54245464865136006        9.45000076    
 -0.54268759030174185        9.46000004    
 -0.54292019172480854        9.47000027    
 -0.54315245370874543        9.47999954    
 -0.54338437703931253        9.48999977    
 -0.54361596249984878        9.50000000    
 -0.54384721087128463        9.50999928    
 -0.54407812293215008        9.52000046    
 -0.54430869945858240        9.53000069    
 -0.54453894122433721        9.53999996    
 -0.54476884900079570        9.55000019    
 -0.54499842355697337        9.56000042    
 -0.54522766565953118        9.56999969    
 -0.54545657607278086        9.57999992    
 -0.54568515555869668        9.58999920    
 -0.54591340487692297        9.60000038    
 -0.54614132478478117        9.61000061    
 -0.54636891603728155        9.61999989    
 -0.54659617938713023        9.63000011    
 -0.54682311558473640        9.63999939    
 -0.54704972537822394        9.64999962    
 -0.54727600951343691        9.65999985    
 -0.54750196873394996        9.67000008    
 -0.54772760378107510        9.68000031    
 -0.54795291539387203        9.69000053    
 -0.54817790430915536        9.69999981    
 -0.54840257126150260        9.71000004    
 -0.54862691698326249        9.72000027    
 -0.54885094220456454        9.72999954    
 -0.54907464765332581        9.74000072    
 -0.54929803405525912        9.75000000    
 -0.54952110213388250        9.76000023    
 -0.54974385261052561        9.77000046    
 -0.54996628620433907        9.77999973    
 -0.55018840363230104        9.78999996    
 -0.55041020560922793        9.79999924    
 -0.55063169284777880        9.80999947    
 -0.55085286605846584        9.82000065    
 -0.55107372594966253        9.82999992    
 -0.55129427322760860        9.84000015    
 -0.55151450859642048        9.85000038    
 -0.55173443275809919        9.85999966    
 -0.55195404641253598        9.86999989    
 -0.55217335025752223        9.88000011    
 -0.55239234498875567        9.89000034    
 -0.55261103129984934        9.90000057    
 -0.55282940988233809        9.90999985    
 -0.55304748142568605        9.92000008    
 -0.55326524661729570        9.93000031    
 -0.55348270614251438        9.93999958    
 -0.55369986068464094        9.94999981    
 -0.55391671092493477        9.95999908    
 -0.55413325754262344        9.97000027    
 -0.55434950121490789        9.98000050    
 -0.55456544261697194        9.98999977    
 -0.55478108242198820        10.0000000    
 -0.55499642130112736        10.0100002    
 -0.55521145992356347        10.0199995    
 -0.55542619895648171        10.0299997    
 -0.55564063906508565        10.0400009    
 -0.55585478091260609        10.0500002    
 -0.55606862516030497        10.0600004    
 -0.55628217246748568        10.0699997    
 -0.55649542349149816        10.0799999    
 -0.55670837888774638        10.0900002    
 -0.55692103930969605        10.0999994    
 -0.55713340540888123        10.1099997    
 -0.55734547783491151        10.1199999    
 -0.55755725723547789        10.1300001    
 -0.55776874425636125        10.1400003    
 -0.55797993954143843        10.1499996    
 -0.55819084373268979        10.1599998    
 -0.55840145747020453        10.1700001    
 -0.55861178139218870        10.1799994    
 -0.55882181613497250        10.1900005    
 -0.55903156233301576        10.2000008    
 -0.55924102061891567        10.2100000    
 -0.55945019162341214        10.2200003    
 -0.55965907597539655        10.2299995    
 -0.55986767430191597        10.2399998    
 -0.56007598722818197        10.2500000    
 -0.56028401537757655        10.2599993    
 -0.56049175937165707        10.2700005    
 -0.56069921983016568        10.2799997    
 -0.56090639737103309        10.2900000    
 -0.56111329261038734        10.3000002    
 -0.56131990616255789        10.3099995    
 -0.56152623864008500        10.3199997    
 -0.56173229065372265        10.3299999    
 -0.56193806281244818        10.3400002    
 -0.56214355572346653        10.3500004    
