  -3.3320784296241705E-003   9.99999978E-03
  -6.6639286189290412E-003   1.99999996E-02
  -9.9953224250211355E-003   2.99999993E-02
  -1.3326031899756207E-002   3.99999991E-02
  -1.6655829386843915E-002   5.00000007E-02
  -1.9984487618634070E-002   5.99999987E-02
  -2.3311779812479241E-002   7.00000003E-02
  -2.6637479766565702E-002   7.99999982E-02
  -2.9961361955107728E-002   9.00000036E-02
  -3.3283201622810607E-002  0.100000001    
  -3.6602774878495149E-002  0.109999999    
  -3.9919858787783466E-002  0.119999997    
  -4.3234231464751686E-002  0.129999995    
  -4.6545672162460888E-002  0.140000001    
  -4.9853961362257976E-002  0.150000006    
  -5.3158880861773380E-002  0.159999996    
  -5.6460213861512162E-002  0.170000002    
  -5.9757745049967309E-002  0.180000007    
  -6.3051260687169167E-002  0.189999998    
  -6.6340548686580514E-002  0.200000003    
  -6.9625398695285404E-002  0.209999993    
  -7.2905602172372477E-002  0.219999999    
  -7.6180952465471075E-002  0.230000004    
  -7.9451244885346425E-002  0.239999995    
  -8.2716276778523876E-002  0.250000000    
  -8.5975847597850305E-002  0.259999990    
  -8.9229758970971240E-002  0.270000011    
  -9.2477814766647584E-002  0.280000001    
  -9.5719821158883944E-002  0.289999992    
  -9.8955586688811825E-002  0.300000012    
 -0.10218492232430171       0.310000002    
 -0.10540764151725943       0.319999993    
 -0.10862356025858361       0.330000013    
 -0.11183249713075309       0.340000004    
 -0.11503427329879642       0.349999994    
 -0.11822871285421545       0.360000014    
 -0.12141564226807347       0.370000005    
 -0.12459489102619545       0.379999995    
 -0.12776629137351464       0.389999986    
 -0.13092967841133715       0.400000006    
 -0.13408489013292993       0.409999996    
 -0.13723176745667207       0.419999987    
 -0.14037015425676155       0.430000007    
 -0.14349989739150440       0.439999998    
 -0.14662084672918835       0.449999988    
 -0.14973285517156365       0.460000008    
 -0.15283577867494505       0.469999999    
 -0.15592947626896916       0.479999989    
 -0.15901381007301818       0.490000010    
 -0.16208864531035339       0.500000000    
 -0.16515385031997387       0.509999990    
 -0.16820929674583762       0.519999981    
 -0.17125485885322253       0.529999971    
 -0.17429041453266675       0.540000021    
 -0.17731584466087252       0.550000012    
 -0.18033103325686209       0.560000002    
 -0.18333586748102276       0.569999993    
 -0.18633023763216283       0.579999983    
 -0.18931403714263190       0.589999974    
 -0.19228716257154321       0.600000024    
 -0.19524951359615877       0.610000014    
 -0.19820099300147809       0.620000005    
 -0.20114150666809383       0.629999995    
 -0.20407096355835211       0.639999986    
 -0.20698927570088974       0.649999976    
 -0.20989635817358185       0.660000026    
 -0.21279212908497366       0.670000017    
 -0.21567650955423798       0.680000007    
 -0.21854942368971958       0.689999998    
 -0.22141079856612625       0.699999988    
 -0.22426056420040560       0.709999979    
 -0.22709865352638986       0.720000029    
 -0.22992500236823932       0.730000019    
 -0.23273954941275143       0.740000010    
 -0.23554223618059056       0.750000000    
 -0.23833300699649637       0.759999990    
 -0.24111180895850923       0.769999981    
 -0.24387859190628697       0.779999971    
 -0.24663330838855571       0.790000021    
 -0.24937591362974584       0.800000012    
 -0.25210636549586801       0.810000002    
 -0.25482462445968129       0.819999993    
 -0.25753065356520216       0.829999983    
 -0.26022441839160287       0.839999974    
 -0.26290588701654632       0.850000024    
 -0.26557502997901372       0.860000014    
 -0.26823182024165593       0.870000005    
 -0.27087623315272968       0.879999995    
 -0.27350824640764992       0.889999986    
 -0.27612784001021501       0.899999976    
 -0.27873499623352987       0.910000026    
 -0.28132969958068671       0.920000017    
 -0.28391193674522536       0.930000007    
 -0.28648169657142802       0.939999998    
 -0.28903897001446943       0.949999988    
 -0.29158375010047821       0.959999979    
 -0.29411603188652219       0.970000029    
 -0.29663581242056991       0.980000019    
 -0.29914309070145106       0.990000010    
 -0.30163786763885136        1.00000000    
 -0.30412014601336840        1.00999999    
 -0.30658993090738890        1.01999998    
 -0.30904722781158467        1.02999997    
 -0.31149204532355634        1.03999996    
 -0.31392439331040789        1.04999995    
 -0.31634428331235859        1.05999994    
 -0.31875172850375544        1.07000005    
 -0.32114674365431489        1.08000004    
 -0.32352934509063602        1.09000003    
 -0.32589955065798859        1.10000002    
 -0.32825737968240776        1.11000001    
 -0.33060285293311048        1.12000000    
 -0.33293599258523932        1.13000000    
 -0.33525682218296760        1.13999999    
 -0.33756536660296743        1.14999998    
 -0.33986165201825613        1.15999997    
 -0.34214570586244064        1.16999996    
 -0.34441755679436709        1.17999995    
 -0.34667723466318362        1.19000006    
 -0.34892477047383363        1.20000005    
 -0.35116019635298784        1.21000004    
 -0.35338354551541423        1.22000003    
 -0.35559485223081061        1.23000002    
 -0.35779415179109031        1.24000001    
 -0.35998148047813922        1.25000000    
 -0.36215687553204728        1.25999999    
 -0.36432037511980581        1.26999998    
 -0.36647201830450732        1.27999997    
 -0.36861184501500960        1.28999996    
 -0.37073989601610619        1.29999995    
 -0.37285621287917925        1.30999994    
 -0.37496083795334856        1.32000005    
 -0.37705381433711460        1.33000004    
 -0.37913518585050354        1.34000003    
 -0.38120499700769916        1.35000002    
 -0.38326329299018136        1.36000001    
 -0.38531011962035611        1.37000000    
 -0.38734552333568173        1.38000000    
 -0.38936955116329147        1.38999999    
 -0.39138225069510457        1.39999998    
 -0.39338367006343605        1.40999997    
 -0.39537385791708152        1.41999996    
 -0.39735286339790915        1.42999995    
 -0.39932073611791430        1.44000006    
 -0.40127752613676171        1.45000005    
 -0.40322328393980811        1.46000004    
 -0.40515806041659275        1.47000003    
 -0.40708190683979822        1.48000002    
 -0.40899487484467234        1.49000001    
 -0.41089701640891640        1.50000000    
 -0.41278838383302591        1.50999999    
 -0.41466902972107939        1.51999998    
 -0.41653900696197593        1.52999997    
 -0.41839836871111280        1.53999996    
 -0.42024716837250070        1.54999995    
 -0.42208545958130117        1.55999994    
 -0.42391329618680351        1.57000005    
 -0.42573073223580077        1.58000004    
 -0.42753782195640005        1.59000003    
 -0.42933461974222181        1.60000002    
 -0.43112118013701539        1.61000001    
 -0.43289755781966216        1.62000000    
 -0.43466380758956868        1.63000000    
 -0.43641998435245211        1.63999999    
 -0.43816614310649127        1.64999998    
 -0.43990233892885899        1.65999997    
 -0.44162862696261584        1.66999996    
 -0.44334506240396671        1.67999995    
 -0.44505170048986648        1.69000006    
 -0.44674859648597759        1.70000005    
 -0.44843580567496522        1.71000004    
 -0.45011338334513262        1.72000003    
 -0.45178138477937874        1.73000002    
 -0.45343986524448582        1.74000001    
 -0.45508887998071912        1.75000000    
 -0.45672848419174011        1.75999999    
 -0.45835873303482411        1.76999998    
 -0.45997968161137942        1.77999997    
 -0.46159138495775187        1.78999996    
 -0.46319389803632793        1.79999995    
 -0.46478727572690998        1.80999994    
 -0.46637157281837183        1.82000005    
 -0.46794684400058573        1.83000004    
 -0.46951314385660664        1.84000003    
 -0.47107052685512713        1.85000002    
 -0.47261904734316901        1.86000001    
 -0.47415875953904141        1.87000000    
 -0.47568971752552841        1.88000000    
 -0.47721197524331821        1.88999999    
 -0.47872558648465990        1.89999998    
 -0.48023060488725555        1.90999997    
 -0.48172708392836378        1.91999996    
 -0.48321507691912996        1.92999995    
 -0.48469463699911247        1.94000006    
 -0.48616581797925462        1.95000005    
 -0.48762867095964751        1.96000004    
 -0.48908324936694336        1.97000003    
 -0.49052960560378933        1.98000002    
 -0.49196779187693124        1.99000001    
 -0.49339786019291393        2.00000000    
 -0.49481986235396713        2.00999999    
 -0.49623384995405673        2.01999998    
 -0.49763987437511192        2.02999997    
 -0.49903798678341427        2.03999996    
 -0.50042823812615278        2.04999995    
 -0.50181067912812649        2.05999994    
 -0.50318536028861205        2.06999993    
 -0.50455233187837434        2.07999992    
 -0.50591164393681720        2.08999991    
 -0.50726334626928926        2.09999990    
 -0.50860748844451309        2.10999990    
 -0.50994411979215648        2.11999989    
 -0.51127328940053285        2.13000011    
 -0.51259504611442852        2.14000010    
 -0.51390943853305049        2.15000010    
 -0.51521651500810317        2.16000009    
 -0.51651632364196431        2.16999984    
 -0.51780891228599835        2.18000007    
 -0.51909432853895676        2.19000006    
 -0.52037261974550342        2.20000005    
 -0.52164383299483341        2.20999980    
 -0.52290801511939755        2.22000003    
 -0.52416521269372529        2.23000002    
 -0.52541547203333960        2.24000001    
 -0.52665883919376877        2.24999976    
 -0.52789535996964654        2.25999999    
 -0.52912507989389723        2.27000022    
 -0.53034804423700976        2.27999997    
 -0.53156429800638993        2.28999996    
 -0.53277388594579422        2.29999995    
 -0.53397685253484239        2.31000018    
 -0.53517324198859628        2.31999993    
 -0.53636309825722805        2.32999992    
 -0.53754646502573800        2.33999991    
 -0.53872338571375578        2.35000014    
 -0.53989390347540311        2.35999990    
 -0.54105806119921529        2.36999989    
 -0.54221590150813082        2.38000011    
 -0.54336746675953895        2.39000010    
 -0.54451279904537986        2.40000010    
 -0.54565194019231134        2.40999985    
 -0.54678493176191667        2.42000008    
 -0.54791181505097331        2.43000007    
 -0.54903263109176981        2.44000006    
 -0.55014742065246913        2.44999981    
 -0.55125622423752330        2.46000004    
 -0.55235908208812423        2.47000003    
 -0.55345603418271205        2.48000002    
 -0.55454712023751263        2.48999977    
 -0.55563237970712187        2.50000000    
 -0.55671185178512783        2.51000023    
 -0.55778557540477181        2.51999998    
 -0.55885358923964323        2.52999997    
 -0.55991593170440812        2.53999996    
 -0.56097264095557975        2.55000019    
 -0.56202375489230694        2.55999994    
 -0.56306931115720915        2.56999993    
 -0.56410934713722649        2.57999992    
 -0.56514389996451175        2.59000015    
 -0.56617300651733771        2.59999990    
 -0.56719670342104211        2.60999990    
 -0.56821502704898452        2.61999989    
 -0.56922801352353991        2.63000011    
 -0.57023569871711122        2.64000010    
 -0.57123811825315363        2.64999986    
 -0.57223530750723972        2.66000009    
 -0.57322730160812652        2.67000008    
 -0.57421413543884969        2.68000007    
 -0.57519584363783827        2.68999982    
 -0.57617246060003735        2.70000005    
 -0.57714402047805990        2.71000004    
 -0.57811055718334137        2.72000003    
 -0.57907210438732049        2.72999978    
 -0.58002869552262448        2.74000001    
 -0.58098036378427464        2.75000024    
 -0.58192714213090069        2.75999999    
 -0.58286906328596799        2.76999998    
 -0.58380615973901451        2.77999997    
 -0.58473846374690341        2.79000020    
 -0.58566600733507523        2.79999995    
 -0.58658882229882314        2.80999994    
 -0.58750694020456240        2.81999993    
 -0.58842039239111865        2.83000016    
 -0.58932920997101745        2.83999991    
 -0.59023342383178357        2.84999990    
 -0.59113306463724458        2.85999990    
 -0.59202816282884196        2.87000012    
 -0.59291874862694671        2.88000011    
 -0.59380485203217892        2.88999987    
 -0.59468650282673274        2.90000010    
 -0.59556373057570344        2.91000009    
 -0.59643656462842276        2.92000008    
 -0.59730503411978764        2.92999983    
 -0.59816916797160391        2.94000006    
 -0.59902899489391748        2.95000005    
 -0.59988454338636610        2.96000004    
 -0.60073584173950800        2.96999979    
 -0.60158291803617725        2.98000002    
 -0.60242580015281999        2.99000001    
 -0.60326451576084084        3.00000000    
 -0.60409909232794701        3.00999999    
 -0.60492955711949081        3.01999998    
 -0.60575593719981247        3.03000021    
 -0.60657825943358323        3.03999996    
 -0.60739655048714480        3.04999995    
 -0.60821083682984767        3.05999994    
 -0.60902114473538849        3.07000017    
 -0.60982750028314581        3.07999992    
 -0.61062992935951255        3.08999991    
 -0.61142845765922538        3.09999990    
 -0.61222311068669255        3.11000013    
 -0.61301391375731606        3.11999989    
 -0.61380089199881649        3.12999988    
 -0.61458407035254925        3.14000010    
 -0.61536347357481558        3.15000010    
 -0.61613912623817457        3.16000009    
 -0.61691105273275160        3.16999984    
 -0.61767927726753524        3.18000007    
 -0.61844382387168040        3.19000006    
 -0.61920471639579633        3.20000005    
 -0.61996197851323909        3.20999980    
 -0.62071563372139027        3.22000003    
 -0.62146570534294099        3.23000002    
 -0.62221221652716208        3.24000001    
 -0.62295519025117352        3.24999976    
 -0.62369464932120600        3.25999999    
 -0.62443061637386033        3.27000022    
 -0.62516311387735835        3.27999997    
 -0.62589216413278903        3.28999996    
 -0.62661778927535017        3.29999995    
 -0.62734001127558159        3.31000018    
 -0.62805885194059496        3.31999993    
 -0.62877433291529539        3.32999992    
 -0.62948647568359894        3.33999991    
 -0.63019530156964099        3.35000014    
 -0.63090083173898426        3.35999990    
 -0.63160308719981151        3.36999989    
 -0.63230208880412153        3.38000011    
 -0.63299785724890911        3.39000010    
 -0.63369041307734886        3.40000010    
 -0.63437977667996059        3.40999985    
 -0.63506596829578010        3.42000008    
 -0.63574900801351508        3.43000007    
 -0.63642891577269467        3.44000006    
 -0.63710571136481808        3.44999981    
 -0.63777941443449093        3.46000004    
 -0.63845004448055731        3.47000003    
 -0.63911762085722001        3.48000002    
 -0.63978216277516520        3.48999977    
 -0.64044368930266815        3.50000000    
 -0.64110221936669509        3.51000023    
 -0.64175777175400650        3.51999998    
 -0.64241036511223948        3.52999997    
 -0.64306001795099577        3.53999996    
 -0.64370674864291433        3.55000019    
 -0.64435057542474072        3.55999994    
 -0.64499151639839003        3.56999993    
 -0.64562958953199745        3.57999992    
 -0.64626481266097169        3.59000015    
 -0.64689720348903079        3.59999990    
 -0.64752677958923599        3.60999990    
 -0.64815355840502020        3.61999989    
 -0.64877755725120434        3.63000011    
 -0.64939879331501416        3.64000010    
 -0.65001728365707878        3.64999986    
 -0.65063304521243626        3.66000009    
 -0.65124609479151763        3.67000008    
 -0.65185644908113616        3.68000007    
 -0.65246412464546277        3.68999982    
 -0.65306913792699650        3.70000005    
 -0.65367150524752460        3.71000004    
 -0.65427124280908477        3.72000003    
 -0.65486836669491011        3.72999978    
 -0.65546289287037141        3.74000001    
 -0.65605483718391344        3.75000024    
 -0.65664421536798467        3.75999999    
 -0.65723104303995816        3.76999998    
 -0.65781533570304551        3.77999997    
 -0.65839710874720514        3.79000020    
 -0.65897637745004500        3.79999995    
 -0.65955315697771477        3.80999994    
 -0.66012746238579600        3.81999993    
 -0.66069930862018111        3.83000016    
 -0.66126871051794833        3.83999991    
 -0.66183568280823080        3.84999990    
 -0.66240024011307497        3.85999990    
 -0.66296239694829551        3.87000012    
 -0.66352216772432770        3.88000011    
 -0.66407956674706081        3.88999987    
 -0.66463460821867881        3.90000010    
 -0.66518730623848710        3.91000009    
 -0.66573767480373391        3.92000008    
 -0.66628572781042616        3.92999983    
 -0.66683147905413764        3.94000006    
 -0.66737494223081284        3.95000005    
 -0.66791613093756363        3.96000004    
 -0.66845505867345711        3.96999979    
 -0.66899173884030116        3.98000002    
 -0.66952618474342374        3.99000001    
 -0.67005840959243856        4.00000000    
 -0.67058842650201778        4.00999975    
 -0.67111624849264673        4.01999998    
 -0.67164188849137629        4.03000021    
 -0.67216535933257349        4.03999996    
 -0.67268667375865887        4.04999971    
 -0.67320584442084619        4.05999994    
 -0.67372288387986545        4.07000017    
 -0.67423780460669203        4.07999992    
 -0.67475061898326061        4.08999968    
 -0.67526133930317700        4.09999990    
 -0.67576997777242775        4.11000013    
 -0.67627654651007407        4.11999989    
 -0.67678105754895124        4.12999964    
 -0.67728352283635562        4.13999987    
 -0.67778395423472693        4.15000010    
 -0.67828236352232762        4.15999985    
 -0.67877876239391299        4.17000008    
 -0.67927316246139924        4.17999983    
 -0.67976557525452330        4.19000006    
 -0.68025601222149801        4.19999981    
 -0.68074448472966598        4.21000004    
 -0.68123100406613812        4.21999979    
 -0.68171558143843769        4.23000002    
 -0.68219822797513430        4.23999977    
 -0.68267895472647044        4.25000000    
 -0.68315777266498645        4.26000023    
 -0.68363469268614041        4.26999998    
 -0.68410972560892025        4.28000021    
 -0.68458288217645091        4.28999996    
 -0.68505417305659921        4.30000019    
 -0.68552360884257302        4.30999994    
 -0.68599120005351200        4.32000017    
 -0.68645695713507715        4.32999992    
 -0.68692089046003457        4.33999968    
 -0.68738301032883475        4.34999990    
 -0.68784332697018269        4.36000013    
 -0.68830185054161153        4.36999989    
 -0.68875859113004323        4.38000011    
 -0.68921355875235035        4.39000034    
 -0.68966676335590771        4.40000010    
 -0.69011821481914670        4.40999985    
 -0.69056792295209735        4.41999960    
 -0.69101589749692882        4.43000031    
 -0.69146214812848972        4.44000006    
 -0.69190668445483627        4.44999981    
 -0.69234951601776162        4.46000004    
 -0.69279065229331604        4.47000027    
 -0.69323010269232965        4.48000002    
 -0.69366787656092332        4.48999977    
 -0.69410398318101929        4.49999952    
 -0.69453843177084806        4.51000023    
 -0.69497123148544759        4.51999998    
 -0.69540239141716109        4.52999973    
 -0.69583192059613042        4.54000044    
 -0.69625982799078623        4.55000019    
 -0.69668612250832751        4.55999994    
 -0.69711081299520783        4.56999969    
 -0.69753390823760808        4.57999992    
 -0.69795541696191099        4.59000015    
 -0.69837534783516841        4.59999990    
 -0.69879370946556507        4.60999966    
 -0.69921051040288096        4.62000036    
 -0.69962575913894665        4.63000011    
 -0.70003946410809736        4.63999987    
 -0.70045163368762031        4.65000010    
 -0.70086227619820074        4.65999985    
 -0.70127139990436216        4.67000008    
 -0.70167901301490798        4.67999983    
 -0.70208512368334863        4.69000006    
 -0.70248974000833897        4.70000029    
 -0.70289287003410061        4.71000004    
 -0.70329452175084550        4.71999979    
 -0.70369470309519655        4.73000002    
 -0.70409342195060320        4.73999977    
 -0.70449068614775312        4.75000000    
 -0.70488650346498227        4.76000023    
 -0.70528088162867875        4.76999998    
 -0.70567382831368741        4.78000021    
 -0.70606535114370461        4.78999996    
 -0.70645545769167795        4.80000019    
 -0.70684415548019497        4.80999994    
 -0.70723145198187309        4.81999969    
 -0.70761735461974484        4.82999992    
 -0.70800187076763810        4.84000015    
 -0.70838500775055901        4.84999990    
 -0.70876677284506440        4.86000013    
 -0.70914717327963372        4.87000036    
 -0.70952621623504142        4.88000011    
 -0.70990390884472132        4.88999987    
 -0.71028025819512819        4.89999962    
 -0.71065527132610162        4.91000032    
 -0.71102895523121989        4.92000008    
 -0.71140131685815478        4.92999983    
 -0.71177236310902370        4.94000006    
 -0.71214210084073581        4.95000029    
 -0.71251053686533905        4.96000004    
 -0.71287767795036128        4.96999979    
 -0.71324353081914948        4.97999954    
 -0.71360810215120718        4.99000025    
 -0.71397139858252845        5.00000000    
 -0.71433342670592526        5.00999975    
 -0.71469419307136117        5.02000046    
 -0.71505370418627123        5.03000021    
 -0.71541196651588868        5.03999996    
 -0.71576898648356180        5.04999971    
 -0.71612477047107348        5.05999994    
 -0.71647932481895327        5.07000017    
 -0.71683265582679245        5.07999992    
 -0.71718476975355028        5.08999968    
 -0.71753567281786201        5.10000038    
 -0.71788537119834228        5.11000013    
 -0.71823387103388869        5.11999989    
 -0.71858117842397728        5.12999964    
 -0.71892729942896327        5.13999987    
 -0.71927224007037083        5.15000010    
 -0.71961600633118850        5.15999985    
 -0.71995860415615487        5.17000008    
 -0.72030003945204857        5.18000031    
 -0.72064031808797036        5.19000006    
 -0.72097944589562601        5.19999981    
 -0.72131742866960513        5.21000004    
 -0.72165427216765754        5.21999979    
 -0.72198998211097387        5.23000002    
 -0.72232456418445012        5.23999977    
 -0.72265802403696344        5.25000000    
 -0.72299036728163801        5.26000023    
 -0.72332159949611252        5.26999998    
 -0.72365172622280294        5.28000021    
 -0.72398075296916320        5.28999996    
 -0.72430868520794722        5.29999971    
 -0.72463552837746159        5.30999994    
 -0.72496128788182634        5.32000017    
 -0.72528596909122256        5.32999992    
 -0.72560957734214770        5.34000015    
 -0.72593211793766022        5.34999990    
 -0.72625359614762941        5.36000013    
 -0.72657401720897807        5.36999989    
 -0.72689338632592704        5.37999964    
 -0.72721170867023432        5.39000034    
 -0.72752898938143318        5.40000010    
 -0.72784523356707187        5.40999985    
 -0.72816044630294441        5.42000008    
 -0.72847463263332612        5.43000031    
 -0.72878779757120371        5.44000006    
 -0.72909994609850304        5.44999981    
 -0.72941108316631842        5.45999956    
 -0.72972121369513698        5.47000027    
 -0.73003034257506028        5.48000002    
 -0.73033847466602897        5.48999977    
 -0.73064561479804024        5.50000048    
 -0.73095176777136506        5.51000023    
 -0.73125693835676708        5.51999998    
 -0.73156113129571598        5.52999973    
 -0.73186435130059746        5.53999996    
 -0.73216660305492776        5.55000019    
 -0.73246789121356026        5.55999994    
 -0.73276822040289469        5.56999969    
 -0.73306759522108156        5.58000040    
 -0.73336602023822683        5.59000015    
 -0.73366349999659319        5.59999990    
 -0.73396003901080309        5.60999966    
 -0.73425564176803548        5.61999989    
 -0.73455031272822524        5.63000011    
 -0.73484405632425676        5.63999987    
 -0.73513687696216024        5.65000010    
 -0.73542877902130410        5.66000032    
 -0.73571976685458440        5.67000008    
 -0.73600984478861675        5.67999983    
 -0.73629901712392343        5.69000006    
 -0.73658728813511953        5.69999981    
 -0.73687466207109753        5.71000004    
 -0.73716114315521242        5.71999979    
 -0.73744673558546281        5.73000002    
 -0.73773144353467102        5.74000025    
 -0.73801527115066312        5.75000000    
 -0.73829822255644562        5.76000023    
 -0.73858030185038304        5.76999998    
 -0.73886151310637160        5.77999973    
 -0.73914186037401253        5.78999996    
 -0.73942134767878531        5.80000019    
 -0.73969997902221618        5.80999994    
 -0.73997775838205126        5.82000017    
 -0.74025468971241881        5.82999992    
 -0.74053077694400105        5.84000015    
 -0.74080602398419604        5.84999990    
 -0.74108043471728324        5.85999966    
 -0.74135401300458592        5.87000036    
 -0.74162676268463168        5.88000011    
 -0.74189868757331312        5.88999987    
 -0.74216979146404616        5.90000010    
 -0.74244007812792756        5.91000032    
 -0.74270955131389205        5.92000008    
 -0.74297821474886494        5.92999983    
 -0.74324607213791927        5.93999958    
 -0.74351312716442464        5.95000029    
 -0.74377938349020256        5.96000004    
 -0.74404484475567145        5.96999979    
 -0.74430951458000083        5.98000002    
 -0.74457339656125454        5.99000025    
 -0.74483649427654119        6.00000000    
 -0.74509881128215649        6.00999975    
 -0.74536035111372856        6.01999998    
 -0.74562111728636216        6.03000021    
 -0.74588111329477902        6.03999996    
 -0.74614034261345907        6.04999971    
 -0.74639880869678121        6.06000042    
 -0.74665651497916019        6.07000017    
 -0.74691346487518628        6.07999992    
 -0.74716966177975952        6.08999968    
 -0.74742510906822712        6.09999990    
 -0.74767981009651596        6.11000013    
 -0.74793376820126800        6.11999989    
 -0.74818698669996964        6.12999964    
 -0.74843946889108626        6.14000034    
 -0.74869121805418959        6.15000010    
 -0.74894223745008870        6.15999985    
 -0.74919253032095634        6.17000008    
 -0.74944209989045929        6.17999983    
 -0.74969094936387959        6.19000006    
 -0.74993908192824521        6.19999981    
 -0.75018650075244897        6.21000004    
 -0.75043320898737720        6.22000027    
 -0.75067920976602631        6.23000002    
 -0.75092450620362983        6.23999977    
 -0.75116910139777304        6.25000000    
 -0.75141299842851761        6.25999975    
 -0.75165620035851721        6.26999998    
 -0.75189871023313382        6.28000021    
 -0.75214053108056023        6.28999996    
 -0.75238166591192834        6.30000019    
 -0.75262211772142951        6.30999994    
 -0.75286188948642574        6.32000017    
 -0.75310098416756488        6.32999992    
 -0.75333940470889049        6.33999968    
 -0.75357715403795600        6.34999990    
 -0.75381423506593248        6.36000013    
 -0.75405065068772059        6.36999989    
 -0.75428640378205758        6.38000011    
 -0.75452149721162731        6.39000034    
 -0.75475593382316564        6.40000010    
 -0.75498971644756707        6.40999985    
 -0.75522284789999161        6.41999960    
 -0.75545533097996875        6.43000031    
 -0.75568716847150041        6.44000006    
 -0.75591836314316552        6.44999981    
 -0.75614891774822124        6.46000004    
 -0.75637883502470615        6.47000027    
 -0.75660811769553948        6.48000002    
 -0.75683676846862158        6.48999977    
 -0.75706479003693372        6.49999952    
 -0.75729218507863583        6.51000023    
 -0.75751895625716548        6.51999998    
 -0.75774510622133340        6.52999973    
 -0.75797063760542016        6.54000044    
 -0.75819555302927422        6.55000019    
 -0.75841985509840237        6.55999994    
 -0.75864354640406728        6.56999969    
 -0.75886662952338013        6.57999992    
 -0.75908910701939158        6.59000015    
 -0.75931098144118725        6.59999990    
 -0.75953225532397639        6.60999966    
 -0.75975293118918275        6.62000036    
 -0.75997301154453478        6.63000011    
 -0.76019249888415630        6.63999987    
 -0.76041139568865335        6.65000010    
 -0.76062970442520239        6.65999985    
 -0.76084742754763934        6.67000008    
 -0.76106456749654272        6.67999983    
 -0.76128112669932402        6.69000006    
 -0.76149710757030975        6.70000029    
 -0.76171251251082750        6.71000004    
 -0.76192734390928951        6.71999979    
 -0.76214160414127574        6.73000002    
 -0.76235529556961990        6.73999977    
 -0.76256842054448615        6.75000000    
 -0.76278098140345529        6.76000023    
 -0.76299298047160402        6.76999998    
 -0.76320442006158584        6.78000021    
 -0.76341530247370959        6.78999996    
 -0.76362562999602002        6.80000019    
 -0.76383540490437662        6.80999994    
 -0.76404462946253016        6.81999969    
 -0.76425330592220175        6.82999992    
 -0.76446143652315901        6.84000015    
 -0.76466902349329158        6.84999990    
 -0.76487606904868910        6.86000013    
 -0.76508257539371427        6.87000036    
 -0.76528854472107921        6.88000011    
 -0.76549397921191731        6.88999987    
 -0.76569888103585915        6.89999962    
 -0.76590325235110479        6.91000032    
 -0.76610709530449572        6.92000008    
 -0.76631041203158756        6.92999983    
 -0.76651320465672046        6.94000006    
 -0.76671547529309070        6.95000029    
 -0.76691722604282220        6.96000004    
 -0.76711845899703424        6.96999979    
 -0.76731917623591206        6.97999954    
 -0.76751937982877583        6.99000025    
 -0.76771907183414856        7.00000000    
 -0.76791825429982408        7.00999975    
 -0.76811692926293518        7.02000046    
 -0.76831509875001924        7.03000021    
 -0.76851276477708541        7.03999996    
 -0.76870992934967963        7.04999971    
 -0.76890659446295218        7.05999994    
 -0.76910276210172057        7.07000017    
 -0.76929843424053512        7.07999992    
 -0.76949361284374118        7.08999968    
 -0.76968829986554721        7.10000038    
 -0.76988249725008173        7.11000013    
 -0.77007620693146106        7.11999989    
 -0.77026943083384924        7.12999964    
 -0.77046217087152002        7.13999987    
 -0.77065442894891834        7.15000010    
 -0.77084620696072081        7.15999985    
 -0.77103750679189742        7.17000008    
 -0.77122833031777072        7.18000031    
 -0.77141867940407460        7.19000006    
 -0.77160855590701527        7.19999981    
 -0.77179796167332848        7.21000004    
 -0.77198689854033820        7.21999979    
 -0.77217536833601486        7.23000002    
 -0.77236337287903278        7.23999977    
 -0.77255091397882725        7.25000000    
 -0.77273799343565075        7.26000023    
 -0.77292461304063054        7.26999998    
 -0.77311077457582233        7.28000021    
 -0.77329647981426763        7.28999996    
 -0.77348173052004843        7.29999971    
 -0.77366652844834161        7.30999994    
 -0.77385087534547325        7.32000017    
 -0.77403477294897216        7.32999992    
 -0.77421822298762522        7.34000015    
 -0.77440122718152826        7.34999990    
 -0.77458378724213961        7.36000013    
 -0.77476590487233410        7.36999989    
 -0.77494758176645240        7.37999964    
 -0.77512881961035507        7.39000034    
 -0.77530962008147153        7.40000010    
 -0.77548998484885479        7.40999985    
 -0.77566991557322784        7.42000008    
 -0.77584941390703543        7.43000031    
 -0.77602848149449610        7.44000006    
 -0.77620711997164804        7.44999981    
 -0.77638533096640183        7.45999956    
 -0.77656311609858686        7.47000027    
 -0.77674047698000082        7.48000002    
 -0.77691741521445690        7.48999977    
 -0.77709393239783364        7.50000048    
 -0.77727003011812101        7.51000023    
 -0.77744570995546747        7.51999998    
 -0.77762097348222770        7.52999973    
 -0.77779582226300836        7.53999996    
 -0.77797025785471507        7.55000019    
 -0.77814428180659723        7.55999994    
 -0.77831789566029397        7.56999969    
 -0.77849110094988150        7.58000040    
 -0.77866389920191392        7.59000015    
 -0.77883629193547110        7.59999990    
 -0.77900828066220318        7.60999966    
 -0.77917986688637153        7.61999989    
 -0.77935105210489586        7.63000011    
 -0.77952183780739559        7.63999987    
 -0.77969222547623407        7.65000010    
 -0.77986221658656030        7.66000032    
 -0.78003181260635290        7.67000008    
 -0.78020101499646088        7.67999983    
 -0.78036982521064657        7.69000006    
 -0.78053824469562738        7.69999981    
 -0.78070627489111655        7.71000004    
 -0.78087391722986443        7.71999979    
 -0.78104117313769861        7.73000002    
 -0.78120804403356714        7.74000025    
 -0.78137453132957546        7.75000000    
 -0.78154063643102800        7.76000023    
 -0.78170636073646815        7.76999998    
 -0.78187170563771702        7.77999973    
 -0.78203667251991349        7.78999996    
 -0.78220126276155166        7.80000019    
 -0.78236547773452125        7.80999994    
 -0.78252931880414434        7.82000017    
 -0.78269278732921477        7.82999992    
 -0.78285588466203582        7.84000015    
 -0.78301861214845714        7.84999990    
 -0.78318097112791252        7.85999966    
 -0.78334296293345740        7.87000036    
 -0.78350458889180519        7.88000011    
 -0.78366585032336478        7.88999987    
 -0.78382674854227430        7.90000010    
 -0.78398728485644142        7.91000032    
 -0.78414746056757534        7.92000008    
 -0.78430727697122560        7.92999983    
 -0.78446673535681444        7.93999958    
 -0.78462583700767463        7.95000029    
 -0.78478458320108246        7.96000004    
 -0.78494297520829404        7.96999979    
 -0.78510101429457879        7.98000002    
 -0.78525870171925305        7.99000025    
 -0.78541603873571642        8.00000000    
 -0.78557302659148320        8.01000023    
 -0.78572966652821674        8.01999950    
 -0.78588595978176301        8.02999973    
 -0.78604190758218417        8.03999996    
 -0.78619751115378989        8.05000019    
 -0.78635277171517193        8.06000042    
 -0.78650769047923463        8.06999969    
 -0.78666226865322952        8.07999992    
 -0.78681650743878573        8.09000015    
 -0.78697040803194118        8.09999943    
 -0.78712397162317616        8.10999966    
 -0.78727719939744389        8.11999989    
 -0.78743009253420138        8.13000011    
 -0.78758265220743950        8.14000034    
 -0.78773487958571697        8.15000057    
 -0.78788677583218747        8.15999985    
 -0.78803834210463197        8.17000008    
 -0.78818957955548785        8.17999935    
 -0.78834048933188072        8.19000053    
 -0.78849107257565199        8.19999981    
 -0.78864133042338969        8.21000004    
 -0.78879126400645694        8.22000027    
 -0.78894087445102346        8.23000050    
 -0.78909016287809142        8.23999977    
 -0.78923913040352700        8.25000000    
 -0.78938777813808725        8.25999928    
 -0.78953610718744971        8.27000046    
 -0.78968411865223931        8.27999973    
 -0.78983181362805854        8.28999996    
 -0.78997919320551313        8.30000019    
 -0.79012625847024198        8.31000042    
 -0.79027301050294285        8.31999969    
 -0.79041945037939954        8.32999992    
 -0.79056557917051185        8.34000015    
 -0.79071139794231982        8.35000038    
 -0.79085690775603157        8.35999966    
 -0.79100210966804951        8.36999989    
 -0.79114700472999844        8.38000011    
 -0.79129159398874960        8.39000034    
 -0.79143587848644836        8.39999962    
 -0.79157985926053953        8.40999985    
 -0.79172353734379430        8.42000008    
 -0.79186691376433405        8.43000031    
 -0.79200998954565749        8.43999958    
 -0.79215276570666460        8.44999981    
 -0.79229524326168421        8.46000004    
 -0.79243742322049560        8.47000027    
 -0.79257930658835607        8.47999954    
 -0.79272089436602444        8.48999977    
 -0.79286218754978577        8.50000000    
 -0.79300318713147677        8.51000023    
 -0.79314389409850738        8.52000046    
 -0.79328430943388806        8.52999973    
 -0.79342443411625141        8.53999996    
 -0.79356426911987721        8.55000019    
 -0.79370381541471491        8.56000042    
 -0.79384307396640841        8.56999969    
 -0.79398204573631814        8.57999992    
 -0.79412073168154540        8.59000015    
 -0.79425913275495463        8.60000038    
 -0.79439724990519589        8.60999966    
 -0.79453508407672924        8.61999989    
 -0.79467263620984496        8.62999916    
 -0.79480990724068845        8.64000034    
 -0.79494689810128094        8.65000057    
 -0.79508360971954195        8.65999985    
 -0.79522004301931148        8.67000008    
 -0.79535619892037202        8.67999935    
 -0.79549207833847080        8.68999958    
 -0.79562768218533930        8.69999981    
 -0.79576301136871819        8.71000004    
 -0.79589806679237496        8.72000027    
 -0.79603284935612795        8.73000050    
 -0.79616735995586563        8.73999977    
 -0.79630159948356949        8.75000000    
 -0.79643556882733213        8.76000023    
 -0.79656926887138080        8.76999950    
 -0.79670270049609582        8.78000069    
 -0.79683586457803235        8.78999996    
 -0.79696876198994016        8.80000019    
 -0.79710139360078325        8.81000042    
 -0.79723376027576176        8.81999969    
 -0.79736586287632905        8.82999992    
 -0.79749770226021499        8.83999920    
 -0.79762927928144134        8.84999943    
 -0.79776059479034644        8.86000061    
 -0.79789164963359993        8.86999989    
 -0.79802244465422556        8.88000011    
 -0.79815298069161755        8.89000034    
 -0.79828325858156202        8.89999962    
 -0.79841327915625515        8.90999985    
 -0.79854304324432102        8.92000008    
 -0.79867255167083173        8.93000031    
 -0.79880180525732569        8.94000053    
 -0.79893080482182599        8.94999981    
 -0.79905955117885830        8.96000004    
 -0.79918804513946951        8.97000027    
 -0.79931628751124706        8.97999954    
 -0.79944427909833538        8.98999977    
 -0.79957202070145328        8.99999905    
 -0.79969951311791510        9.01000023    
 -0.79982675714164420        9.02000046    
 -0.79995375356319376        9.02999973    
 -0.80008050316976320        9.03999996    
 -0.80020700674521505        9.05000019    
 -0.80033326507009295        9.05999947    
 -0.80045927892163915        9.06999969    
 -0.80058504907381045        9.08000088    
 -0.80071057629729625        9.09000015    
 -0.80083586135953477        9.10000038    
 -0.80096090502473061        9.10999966    
 -0.80108570805387014        9.11999989    
 -0.80121027120473998        9.13000011    
 -0.80133459523194162        9.13999939    
 -0.80145868088690808        9.15000057    
 -0.80158252891792248        9.15999985    
 -0.80170614007013052        9.17000008    
 -0.80182951508555989        9.18000031    
 -0.80195265470313348        9.18999958    
 -0.80207555965868849        9.19999981    
 -0.80219823068498841        9.21000004    
 -0.80232066851174222        9.21999931    
 -0.80244287386561797        9.23000050    
 -0.80256484747025869        9.24000072    
 -0.80268659004629828        9.25000000    
 -0.80280810231137589        9.26000023    
 -0.80292938498015332        9.26999950    
 -0.80305043876432647        9.27999973    
 -0.80317126437264430        9.28999996    
 -0.80329186251092177        9.30000019    
 -0.80341223388205418        9.31000042    
 -0.80353237918603393        9.31999969    
 -0.80365229911996350        9.32999992    
 -0.80377199437807090        9.34000015    
 -0.80389146565172387        9.34999943    
 -0.80401071362944465        9.35999966    
 -0.80412973899692408        9.37000084    
 -0.80424854243703581        9.38000011    
 -0.80436712462985061        9.39000034    
 -0.80448548625265093        9.40000057    
 -0.80460362797994411        9.40999985    
 -0.80472155048347660        9.42000008    
 -0.80483925443224846        9.42999935    
 -0.80495674049252597        9.43999958    
 -0.80507400932785655        9.45000076    
 -0.80519106159908116        9.46000004    
 -0.80530789796434943        9.47000027    
 -0.80542451907913071        9.47999954    
 -0.80554092559623058        9.48999977    
 -0.80565711816580110        9.50000000    
 -0.80577309743535619        9.50999928    
 -0.80588886404978366        9.52000046    
 -0.80600441865135874        9.53000069    
 -0.80611976187975709        9.53999996    
 -0.80623489437206719        9.55000019    
 -0.80634981676280360        9.56000042    
 -0.80646452968392024        9.56999969    
 -0.80657903376482176        9.57999992    
 -0.80669332963237761        9.58999920    
 -0.80680741791093358        9.60000038    
 -0.80692129922232469        9.61000061    
 -0.80703497418588721        9.61999989    
 -0.80714844341847181        9.63000011    
 -0.80726170753445503        9.63999939    
 -0.80737476714575140        9.64999962    
 -0.80748762286182652        9.65999985    
 -0.80760027528970824        9.67000008    
 -0.80771272503399805        9.68000031    
 -0.80782497269688502        9.69000053    
 -0.80793701887815639        9.69999981    
 -0.80804886417520794        9.71000004    
 -0.80816050918305882        9.72000027    
 -0.80827195449436029        9.72999954    
 -0.80838320069940939        9.74000072    
 -0.80849424838615891        9.75000000    
 -0.80860509814022974        9.76000023    
 -0.80871575054492195        9.77000046    
 -0.80882620618122614        9.77999973    
 -0.80893646562783383        9.78999996    
 -0.80904652946115130        9.79999924    
 -0.80915639825530716        9.80999947    
 -0.80926607258216565        9.82000065    
 -0.80937555301133768        9.82999992    
 -0.80948484011019017        9.84000015    
 -0.80959393444385830        9.85000038    
 -0.80970283657525632        9.85999966    
 -0.80981154706508729        9.86999989    
 -0.80992006647185433        9.88000011    
 -0.81002839535187210        9.89000034    
 -0.81013653425927545        9.90000057    
 -0.81024448374603164        9.90999985    
 -0.81035224436194997        9.92000008    
 -0.81045981665469202        9.93000031    
 -0.81056720116978287        9.93999958    
 -0.81067439845062017        9.94999981    
 -0.81078140903848495        9.95999908    
 -0.81088823347255223        9.97000027    
 -0.81099487228990053        9.98000050    
 -0.81110132602552165        9.98999977    
 -0.81120759521233055        10.0000000    
 -0.81131368038117724        10.0100002    
 -0.81141958206085374        10.0199995    
 -0.81152530077810581        10.0299997    
 -0.81163083705764194        10.0400009    
 -0.81173619142214382        10.0500002    
 -0.81184136439227428        10.0600004    
 -0.81194635648668989        10.0699997    
 -0.81205116822204670        10.0799999    
 -0.81215580011301314        10.0900002    
 -0.81226025267227664        10.0999994    
 -0.81236452641055590        10.1099997    
 -0.81246862183660795        10.1199999    
 -0.81257253945723729        10.1300001    
 -0.81267627977730772        10.1400003    
 -0.81277984329974817        10.1499996    
 -0.81288323052556422        10.1599998    
 -0.81298644195384673        10.1700001    
 -0.81308947808177945        10.1799994    
 -0.81319233940464986        10.1900005    
 -0.81329502641585716        10.2000008    
 -0.81339753960692107        10.2100000    
 -0.81349987946749081        10.2200003    
 -0.81360204648535428        10.2299995    
 -0.81370404114644568        10.2399998    
 -0.81380586393485577        10.2500000    
 -0.81390751533283923        10.2599993    
 -0.81400899582082364        10.2700005    
 -0.81411030587741795        10.2799997    
 -0.81421144597942141        10.2900000    
 -0.81431241660183173        10.3000002    
 -0.81441321821785262        10.3099995    
 -0.81451385129890364        10.3199997    
 -0.81461431631462777        10.3299999    
 -0.81471461373289900        10.3400002    
 -0.81481474401983234        10.3500004    
