 -3.125982949218585E-003  9.9999998E-03
 -6.251767944119269E-003  2.0000000E-02
 -9.377158299954100E-003  2.9999999E-02
 -1.250195748539354E-002  3.9999999E-02
 -1.562596919951885E-002  5.0000001E-02
 -1.874899744857220E-002  5.9999999E-02
 -2.187084662240203E-002  7.0000000E-02
 -2.499132157052322E-002  7.9999998E-02
 -2.811022767770932E-002  9.0000004E-02
 -3.122737093905473E-002  0.1000000    
 -3.434255803442147E-002  0.1100000    
 -3.745559640220619E-002  0.1200000    
 -4.056629431234869E-002  0.1300000    
 -4.367446093851961E-002  0.1400000    
 -4.677990642941501E-002  0.1500000    
 -4.988244197908924E-002  0.1600000    
 -5.298187989626370E-002  0.1700000    
 -5.607803367255111E-002  0.1800000    
 -5.917071804952626E-002  0.1900000    
 -6.225974908459771E-002  0.2000000    
 -6.534494421560255E-002  0.2100000    
 -6.842612232409497E-002  0.2200000    
 -7.150310379725817E-002  0.2300000    
 -7.457571058839524E-002  0.2400000    
 -7.764376627595368E-002  0.2500000    
 -8.070709612103846E-002  0.2600000    
 -8.376552712336893E-002  0.2700000    
 -8.681888807564314E-002  0.2800000    
 -8.986700961627142E-002  0.2900000    
 -9.290972428044229E-002  0.3000000    
 -9.594686654949883E-002  0.3100000    
 -9.897827289858518E-002  0.3200000    
 -0.102003781842543       0.3300000    
 -0.105023233980041       0.3400000    
 -0.108036472035901       0.3500000    
 -0.111043340901622       0.3600000    
 -0.114043687674074       0.3700000    
 -0.117037361692356       0.3800000    
 -0.120024214572805       0.3900000    
 -0.123004100242152       0.4000000    
 -0.125976874968828       0.4100000    
 -0.128942397392391       0.4200000    
 -0.131900528551120       0.4300000    
 -0.134851131907729       0.4400000    
 -0.137794073373259       0.4500000    
 -0.140729221329102       0.4600000    
 -0.143656446647215       0.4700000    
 -0.146575622708508       0.4800000    
 -0.149486625419426       0.4900000    
 -0.152389333226760       0.5000000    
 -0.155283627130668       0.5100000    
 -0.158169390695973       0.5200000    
 -0.161046510061719       0.5300000    
 -0.163914873949042       0.5400000    
 -0.166774373667355       0.5500000    
 -0.169624903302742       0.5600000    
 -0.172466359012544       0.5700000    
 -0.175298640051432       0.5800000    
 -0.178121648111557       0.5900000    
 -0.180935287480219       0.6000000    
 -0.183739465036638       0.6100000    
 -0.186534090247277       0.6200000    
 -0.189319075159745       0.6300000    
 -0.192094334395312       0.6400000    
 -0.194859785140100       0.6500000    
 -0.197615347134936       0.6600000    
 -0.200360942663972       0.6700000    
 -0.203096496542054       0.6800000    
 -0.205821936100908       0.6900000    
 -0.208537191174185       0.7000000    
 -0.211242194081387       0.7100000    
 -0.213936879610731       0.7200000    
 -0.216621185000986       0.7300000    
 -0.219295049922323       0.7400000    
 -0.221958416456212       0.7500000    
 -0.224611229074425       0.7600000    
 -0.227253434617164       0.7700000    
 -0.229884982270368       0.7800000    
 -0.232505823542231       0.7900000    
 -0.235115912238985       0.8000000    
 -0.237715204439962       0.8100000    
 -0.240303658471993       0.8200000    
 -0.242881234883190       0.8300000    
 -0.245447896416117       0.8400000    
 -0.248003607980420       0.8500000    
 -0.250548336624941       0.8600000    
 -0.253082051509339       0.8700000    
 -0.255604723875281       0.8800000    
 -0.258116327017212       0.8900000    
 -0.260616836252750       0.9000000    
 -0.263106228892748       0.9100000    
 -0.265584484211031       0.9200000    
 -0.268051583413867       0.9300000    
 -0.270507509609186       0.9400000    
 -0.272952247775587       0.9500000    
 -0.275385784731152       0.9600000    
 -0.277808109102109       0.9700000    
 -0.280219211291365       0.9800000    
 -0.282619083446926       0.9900000    
 -0.285007719430260        1.000000    
 -0.287385114784592        1.010000    
 -0.289751266703180        1.020000    
 -0.292106173997592        1.030000    
 -0.294449837066001        1.040000    
 -0.296782257861519        1.050000    
 -0.299103439860603        1.060000    
 -0.301413388031542        1.070000    
 -0.303712108803049        1.080000    
 -0.305999610538859        1.090000    
 -0.308275901512071        1.100000    
 -0.310540992823576        1.110000    
 -0.312794896432459        1.120000    
 -0.315037625603395        1.130000    
 -0.317269194876233        1.140000    
 -0.319489620035802        1.150000    
 -0.321698918081962        1.160000    
 -0.323897107199885        1.170000    
 -0.326084206730605        1.180000    
 -0.328260237141832        1.190000    
 -0.330425219999054        1.200000    
 -0.332579177936923        1.210000    
 -0.334722134630941        1.220000    
 -0.336854114769455        1.230000    
 -0.338975144025978        1.240000    
 -0.341085249031813        1.250000    
 -0.343184457349034        1.260000    
 -0.345272797443781        1.270000    
 -0.347350298659917        1.280000    
 -0.349416991193023        1.290000    
 -0.351472906064747        1.300000    
 -0.353518075097517        1.310000    
 -0.355552530889610        1.320000    
 -0.357576306790585        1.330000    
 -0.359589436877096        1.340000    
 -0.361591955929052        1.350000    
 -0.363583899406180        1.360000    
 -0.365565303424933        1.370000    
 -0.367536204735793        1.380000    
 -0.369496640700942        1.390000    
 -0.371446649272317        1.400000    
 -0.373386268970031        1.410000    
 -0.375315538861182        1.420000    
 -0.377234498539035        1.430000    
 -0.379143188102579        1.440000    
 -0.381041648136463        1.450000    
 -0.382929919691303        1.460000    
 -0.384808044264360        1.470000    
 -0.386676063780599        1.480000    
 -0.388534020574103        1.490000    
 -0.390381957369863        1.500000    
 -0.392219917265937        1.510000    
 -0.394047943715954        1.520000    
 -0.395866080512002        1.530000    
 -0.397674371767846        1.540000    
 -0.399472861902525        1.550000    
 -0.401261595624278        1.560000    
 -0.403040617914837        1.570000    
 -0.404809974014041        1.580000    
 -0.406569709404817        1.590000    
 -0.408319869798471        1.600000    
 -0.410060501120333        1.610000    
 -0.411791649495720        1.620000    
 -0.413513361236223        1.630000    
 -0.415225682826323        1.640000    
 -0.416928660910316        1.650000    
 -0.418622342279556        1.660000    
 -0.420306773860005        1.670000    
 -0.421982002700086        1.680000    
 -0.423648075958838        1.690000    
 -0.425305040894363        1.700000    
 -0.426952944852572        1.710000    
 -0.428591835256211        1.720000    
 -0.430221759594171        1.730000    
 -0.431842765411075        1.740000    
 -0.433454900297146        1.750000    
 -0.435058211878333        1.760000    
 -0.436652747806713        1.770000    
 -0.438238555751143        1.780000    
 -0.439815683388173        1.790000    
 -0.441384178393214        1.800000    
 -0.442944088431947        1.810000    
 -0.444495461151979        1.820000    
 -0.446038344174726        1.830000    
 -0.447572785087554        1.840000    
 -0.449098831436122        1.850000    
 -0.450616530716966        1.860000    
 -0.452125930370307        1.870000    
 -0.453627077773060        1.880000    
 -0.455120020232068        1.890000    
 -0.456604804977546        1.900000    
 -0.458081479156718        1.910000    
 -0.459550089827661        1.920000    
 -0.461010683953348        1.930000    
 -0.462463308395877        1.940000    
 -0.463908009910884        1.950000    
 -0.465344835142159        1.960000    
 -0.466773830616418        1.970000    
 -0.468195042738266        1.980000    
 -0.469608517785329        1.990000    
 -0.471014301903558        2.000000    
 -0.472412441102686        2.010000    
 -0.473802981251865        2.020000    
 -0.475185968075443        2.030000    
 -0.476561447148909        2.040000    
 -0.477929463894976        2.050000    
 -0.479290063579827        2.060000    
 -0.480643291309485        2.070000    
 -0.481989192907763        2.080000    
 -0.483327811402031        2.090000    
 -0.484659192264202        2.100000    
 -0.485983379926256        2.110000    
 -0.487300418643965        2.120000    
 -0.488610352494071        2.130000    
 -0.489913225371584        2.140000    
 -0.491209080987197        2.150000    
 -0.492497962864820        2.160000    
 -0.493779914339220        2.170000    
 -0.495054978553786        2.180000    
 -0.496323198458377        2.190000    
 -0.497584616807300        2.200000    
 -0.498839276157373        2.210000    
 -0.500087218866095        2.220000    
 -0.501328487089907        2.230000    
 -0.502563122782554        2.240000    
 -0.503791167693536        2.250000    
 -0.505012663366641        2.260000    
 -0.506227651138579        2.270000    
 -0.507436172137687        2.280000    
 -0.508638267282727        2.290000    
 -0.509833977281756        2.300000    
 -0.511023342631076        2.310000    
 -0.512206403614265        2.320000    
 -0.513383200301273        2.330000    
 -0.514553772547598        2.340000    
 -0.515718159993523        2.350000    
 -0.516876402063428        2.360000    
 -0.518028537965166        2.370000    
 -0.519174606689496        2.380000    
 -0.520314647009587        2.390000    
 -0.521448697480581        2.400000    
 -0.522576796439206        2.410000    
 -0.523698982003457        2.420000    
 -0.524815292072321        2.430000    
 -0.525925764325564        2.440000    
 -0.527030436223566        2.450000    
 -0.528129345007205        2.460000    
 -0.529222527697793        2.470000    
 -0.530310021097055        2.480000    
 -0.531391861787156        2.490000    
 -0.532468086130773        2.500000    
 -0.533538730271205        2.510000    
 -0.534603830132533        2.520000    
 -0.535663421419810        2.530000    
 -0.536717539619299        2.540000    
 -0.537766219998737        2.550000    
 -0.538809497607651        2.560000    
 -0.539847407277695        2.570000    
 -0.540879983623027        2.580000    
 -0.541907261040717        2.590000    
 -0.542929273711187        2.600000    
 -0.543946055598686        2.610000    
 -0.544957640451783        2.620000    
 -0.545964061803903        2.630000    
 -0.546965352973875        2.640000    
 -0.547961547066518        2.650000    
 -0.548952676973252        2.660000    
 -0.549938775372720        2.670000    
 -0.550919874731454        2.680000    
 -0.551896007304542        2.690000    
 -0.552867205136339        2.700000    
 -0.553833500061179        2.710000    
 -0.554794923704115        2.720000    
 -0.555751507481686        2.730000    
 -0.556703282602685        2.740000    
 -0.557650280068968        2.750000    
 -0.558592530676249        2.760000    
 -0.559530065014946        2.770000    
 -0.560462913471014        2.780000    
 -0.561391106226809        2.790000    
 -0.562314673261962        2.800000    
 -0.563233644354259        2.810000    
 -0.564148049080551        2.820000    
 -0.565057916817659        2.830000    
 -0.565963276743296        2.840000    
 -0.566864157837010        2.850000    
 -0.567760588881119        2.860000    
 -0.568652598461675        2.870000    
 -0.569540214969422        2.880000    
 -0.570423466600772        2.890000    
 -0.571302381358788        2.900000    
 -0.572176987054172        2.910000    
 -0.573047311306262        2.920000    
 -0.573913381544035        2.930000    
 -0.574775225007126        2.940000    
 -0.575632868746831        2.950000    
 -0.576486339627140        2.960000    
 -0.577335664325760        2.970000    
 -0.578180869335153        2.980000    
 -0.579021980963563        2.990000    
 -0.579859025336068        3.000000    
 -0.580692028395616        3.010000    
 -0.581521015904081        3.020000    
 -0.582346013443308        3.030000    
 -0.583167046416170        3.040000    
 -0.583984140047626        3.050000    
 -0.584797319385776        3.060000    
 -0.585606609302921        3.070000    
 -0.586412034496629        3.080000    
 -0.587213619490795        3.090000    
 -0.588011388636705        3.100000    
 -0.588805366114101        3.110000    
 -0.589595575932245        3.120000    
 -0.590382041930988        3.130000    
 -0.591164787781828        3.140000    
 -0.591943836988983        3.150000    
 -0.592719212890448        3.160000    
 -0.593490938659064        3.170000    
 -0.594259037303576        3.180000    
 -0.595023531669696        3.190000    
 -0.595784444441168        3.200000    
 -0.596541798140817        3.210000    
 -0.597295615131612        3.220000    
 -0.598045917617721        3.230000    
 -0.598792727645561        3.240000    
 -0.599536067104851        3.250000    
 -0.600275957729658        3.260000    
 -0.601012421099443        3.270000    
 -0.601745478640107        3.280000    
 -0.602475151625024        3.290000    
 -0.603201461176089        3.300000    
 -0.603924428264740        3.310000    
 -0.604644073712999        3.320000    
 -0.605360418194493        3.330000    
 -0.606073482235479        3.340000    
 -0.606783286215868        3.350000    
 -0.607489850370239        3.360000    
 -0.608193194788853        3.370000    
 -0.608893339418658        3.380000    
 -0.609590304064303        3.390000    
 -0.610284108389129        3.400000    
 -0.610974771916177        3.410000    
 -0.611662314029170        3.420000    
 -0.612346753973507        3.430000    
 -0.613028110857249        3.440000    
 -0.613706403652096        3.450000    
 -0.614381651194360        3.460000    
 -0.615053872185939        3.470000    
 -0.615723085195284        3.480000    
 -0.616389308658356        3.490000    
 -0.617052560879586        3.500000    
 -0.617712860032829        3.510000    
 -0.618370224162302        3.520000    
 -0.619024671183535        3.530000    
 -0.619676218884307        3.540000    
 -0.620324884925571        3.550000    
 -0.620970686842389        3.560000    
 -0.621613642044854        3.570000    
 -0.622253767818997        3.580000    
 -0.622891081327715        3.590000    
 -0.623525599611661        3.600000    
 -0.624157339590159        3.610000    
 -0.624786318062093        3.620000    
 -0.625412551706798        3.630000    
 -0.626036057084950        3.640000    
 -0.626656850639445        3.650000    
 -0.627274948696271        3.660000    
 -0.627890367465386        3.670000    
 -0.628503123041573        3.680000    
 -0.629113231405306        3.690000    
 -0.629720708423603        3.700000    
 -0.630325569850873        3.710000    
 -0.630927831329762        3.720000    
 -0.631527508391990        3.730000    
 -0.632124616459180        3.740000    
 -0.632719170843696        3.750000    
 -0.633311186749450        3.760000    
 -0.633900679272733        3.770000    
 -0.634487663403016        3.780000    
 -0.635072154023763        3.790000    
 -0.635654165913226        3.800000    
 -0.636233713745247        3.810000    
 -0.636810812090039        3.820000    
 -0.637385475414980        3.830000    
 -0.637957718085386        3.840000    
 -0.638527554365287        3.850000    
 -0.639094998418195        3.860000    
 -0.639660064307868        3.870000    
 -0.640222765999070        3.880000    
 -0.640783117358321        3.890000    
 -0.641341132154642        3.900000    
 -0.641896824060308        3.910000    
 -0.642450206651570        3.920000    
 -0.643001293409399        3.930000    
 -0.643550097720208        3.940000    
 -0.644096632876573        3.950000    
 -0.644640912077950        3.960000    
 -0.645182948431388        3.970000    
 -0.645722754952230        3.980000    
 -0.646260344564818        3.990000    
 -0.646795730103192        4.000000    
 -0.647328924311772        4.010000    
 -0.647859939846049        4.020000    
 -0.648388789273268        4.030000    
 -0.648915485073096        4.040000    
 -0.649440039638301        4.050000    
 -0.649962465275414        4.060000    
 -0.650482774205387        4.070000    
 -0.651000978564253        4.080000    
 -0.651517090403777        4.090000    
 -0.652031121692096        4.100000    
 -0.652543084314369        4.110000    
 -0.653052990073407        4.120000    
 -0.653560850690308        4.130000    
 -0.654066677805079        4.140000    
 -0.654570482977264        4.150000    
 -0.655072277686558        4.160000    
 -0.655572073333422        4.170000    
 -0.656069881239684        4.180000    
 -0.656565712649153        4.190000    
 -0.657059578728208        4.200000    
 -0.657551490566398        4.210000    
 -0.658041459177028        4.220000    
 -0.658529495497748        4.230000    
 -0.659015610391127        4.240000    
 -0.659499814645237        4.250000    
 -0.659982118974216        4.260000    
 -0.660462534018840        4.270000    
 -0.660941070347089        4.280000    
 -0.661417738454696        4.290000    
 -0.661892548765706        4.300000    
 -0.662365511633028        4.310000    
 -0.662836637338977        4.320000    
 -0.663305936095813        4.330000    
 -0.663773418046283        4.340000    
 -0.664239093264149        4.350000    
 -0.664702971754718        4.360000    
 -0.665165063455369        4.370000    
 -0.665625378236065        4.380000    
 -0.666083925899879        4.390000    
 -0.666540716183497        4.400000    
 -0.666995758757733        4.410000    
 -0.667449063228025        4.420000    
 -0.667900639134943        4.430000    
 -0.668350495954679        4.440000    
 -0.668798643099540        4.450000    
 -0.669245089918440        4.460000    
 -0.669689845697375        4.470000    
 -0.670132919659914        4.480000    
 -0.670574320967666        4.490000    
 -0.671014058720759        4.500000    
 -0.671452141958306        4.510000    
 -0.671888579658870        4.520000    
 -0.672323380740925        4.530000    
 -0.672756554063316        4.540000    
 -0.673188108425708        4.550000    
 -0.673618052569043        4.560000    
 -0.674046395175980        4.570000    
 -0.674473144871343        4.580000    
 -0.674898310222558        4.590000    
 -0.675321899740088        4.600000    
 -0.675743921877870        4.610000    
 -0.676164385033740        4.620000    
 -0.676583297549857        4.630000    
 -0.677000667713130        4.640000    
 -0.677416503755634        4.650000    
 -0.677830813855025        4.660000    
 -0.678243606134952        4.670000    
 -0.678654888665468        4.680000    
 -0.679064669463432        4.690000    
 -0.679472956492914        4.700000    
 -0.679879757665589        4.710000    
 -0.680285080841138        4.720000    
 -0.680688933827640        4.730000    
 -0.681091324381957        4.740000    
 -0.681492260210122        4.750000    
 -0.681891748967724        4.760000    
 -0.682289798260286        4.770000    
 -0.682686415643641        4.780000    
 -0.683081608624308        4.790000    
 -0.683475384659858        4.800000    
 -0.683867751159290        4.810000    
 -0.684258715483387        4.820000    
 -0.684648284945083        4.830000    
 -0.685036466809817        4.840000    
 -0.685423268295895        4.850000    
 -0.685808696574840        4.860000    
 -0.686192758771740        4.870000    
 -0.686575461965598        4.880000    
 -0.686956813189679        4.890000    
 -0.687336819431842        4.900000    
 -0.687715487634890        4.910000    
 -0.688092824696902        4.920000    
 -0.688468837471561        4.930000    
 -0.688843532768496        4.940000    
 -0.689216917353597        4.950000    
 -0.689588997949353        4.960000    
 -0.689959781235165        4.970000    
 -0.690329273847669        4.980000    
 -0.690697482381059        4.990000    
 -0.691064413387391        5.000000    
 -0.691430073376907        5.010000    
 -0.691794468818336        5.020000    
 -0.692157606139205        5.030000    
 -0.692519491726146        5.040000    
 -0.692880131925194        5.050000    
 -0.693239533042088        5.060000    
 -0.693597701342572        5.070000    
 -0.693954643052685        5.080000    
 -0.694310364359056        5.090000    
 -0.694664871409197        5.100000    
 -0.695018170311785        5.110000    
 -0.695370267136955        5.120000    
 -0.695721167916574        5.130000    
 -0.696070878644532        5.140000    
 -0.696419405277013        5.150000    
 -0.696766753732777        5.160000    
 -0.697112929893429        5.170000    
 -0.697457939603696        5.180000    
 -0.697801788671695        5.190000    
 -0.698144482869197        5.200000    
 -0.698486027931899        5.210000    
 -0.698826429559684        5.220000    
 -0.699165693416880        5.230000    
 -0.699503825132524        5.240000    
 -0.699840830300615        5.250000    
 -0.700176714480371        5.260000    
 -0.700511483196482        5.270000    
 -0.700845141939358        5.280000    
 -0.701177696165383        5.290000    
 -0.701509151297157        5.300000    
 -0.701839512723742        5.310000    
 -0.702168785800907        5.320000    
 -0.702496975851369        5.330000    
 -0.702824088165026        5.340000    
 -0.703150127999202        5.350000    
 -0.703475100578879        5.360000    
 -0.703799011096927        5.370000    
 -0.704121864714342        5.380000    
 -0.704443666560468        5.390000    
 -0.704764421733233        5.400000    
 -0.705084135299365        5.410000    
 -0.705402812294627        5.420000    
 -0.705720457724030        5.430000    
 -0.706037076562058        5.440000    
 -0.706352673752888        5.450000    
 -0.706667254210603        5.460000    
 -0.706980822819409        5.470000    
 -0.707293384433848        5.480000    
 -0.707604943879014        5.490000    
 -0.707915505950756        5.500000    
 -0.708225075415892        5.510000    
 -0.708533657012412        5.520000    
 -0.708841255449686        5.530000    
 -0.709147875408667        5.540000    
 -0.709453521542092        5.550000    
 -0.709758198474682        5.560000    
 -0.710061910803342        5.570000    
 -0.710364663097356        5.580000    
 -0.710666459898585        5.590000    
 -0.710967305721658        5.600000    
 -0.711267205054171        5.610000    
 -0.711566162356868        5.620000    
 -0.711864182063837        5.630000    
 -0.712161268582698        5.640000    
 -0.712457426294786        5.650000    
 -0.712752659555339        5.660000    
 -0.713046972693680        5.670000    
 -0.713340370013398        5.680000    
 -0.713632855792531        5.690000    
 -0.713924434283746        5.700000    
 -0.714215109714509        5.710000    
 -0.714504886287274        5.720000    
 -0.714793768179645        5.730000    
 -0.715081759544560        5.740000    
 -0.715368864510456        5.750000    
 -0.715655087181443        5.760000    
 -0.715940431637474        5.770000    
 -0.716224901934512        5.780000    
 -0.716508502104697        5.790000    
 -0.716791236156512        5.800000    
 -0.717073108074945        5.810000    
 -0.717354121821657        5.820000    
 -0.717634281335138        5.830000    
 -0.717913590530871        5.840000    
 -0.718192053301489        5.850000    
 -0.718469673516936        5.860000    
 -0.718746455024621        5.870000    
 -0.719022401649572        5.880000    
 -0.719297517194595        5.890000    
 -0.719571805440422        5.900000    
 -0.719845270145869        5.910000    
 -0.720117915047978        5.920000    
 -0.720389743862175        5.930000    
 -0.720660760282415        5.940000    
 -0.720930967981325        5.950000    
 -0.721200370610358        5.960000    
 -0.721468971799932        5.970000    
 -0.721736775159575        5.980000    
 -0.722003784278071        5.990000    
 -0.722270002723595        6.000000    
 -0.722535434043860        6.010000    
 -0.722800081766253        6.020000    
 -0.723063949397973        6.030000    
 -0.723327040426171        6.040000    
 -0.723589358318083        6.050000    
 -0.723850906521166        6.060000    
 -0.724111688463234        6.070000    
 -0.724371707552589        6.080000    
 -0.724630967178152        6.090000    
 -0.724889470709599        6.100000    
 -0.725147221497484        6.110000    
 -0.725404222873375        6.120000    
 -0.725660478149975        6.130000    
 -0.725915990621257        6.140000    
 -0.726170763562580        6.150000    
 -0.726424800230826        6.160000    
 -0.726678103864512        6.170000    
 -0.726930677683925        6.180000    
 -0.727182524891235        6.190000    
 -0.727433648670618        6.200000    
 -0.727684052188382        6.210000    
 -0.727933738593080        6.220000    
 -0.728182711015631        6.230000    
 -0.728430972569441        6.240000    
 -0.728678526350512        6.250000    
 -0.728925375437565        6.260000    
 -0.729171522892152        6.270000    
 -0.729416971758769        6.280000    
 -0.729661725064973        6.290000    
 -0.729905785821492        6.300000    
 -0.730149157022334        6.310000    
 -0.730391841644904        6.320000    
 -0.730633842650107        6.330000    
 -0.730875162982462        6.340000    
 -0.731115805570210        6.350000    
 -0.731355773325416        6.360000    
 -0.731595069144084        6.370000    
 -0.731833695906255        6.380000    
 -0.732071656476115        6.390000    
 -0.732308953702103        6.400000    
 -0.732545590417008        6.410000    
 -0.732781569438075        6.420000    
 -0.733016893567106        6.430000    
 -0.733251565590563        6.440000    
 -0.733485588279666        6.450000    
 -0.733718964390494        6.460000    
 -0.733951696664083        6.470000    
 -0.734183787826522        6.480000    
 -0.734415240589060        6.490000    
 -0.734646057648186        6.500000    
 -0.734876241685741        6.510000    
 -0.735105795369005        6.520000    
 -0.735334721350792        6.530000    
 -0.735563022269548        6.540000    
 -0.735790700749438        6.550000    
 -0.736017759400441        6.560000    
 -0.736244200818447        6.570000    
 -0.736470027585338        6.580000    
 -0.736695242269087        6.590000    
 -0.736919847423843        6.600000    
 -0.737143845590023        6.610000    
 -0.737367239294396        6.620000    
 -0.737590031050176        6.630000    
 -0.737812223357107        6.640000    
 -0.738033818701548        6.650000    
 -0.738254819556560        6.660000    
 -0.738475228381992        6.670000    
 -0.738695047624564        6.680000    
 -0.738914279717952        6.690000    
 -0.739132927082871        6.700000    
 -0.739350992127158        6.710000    
 -0.739568477245854        6.720000    
 -0.739785384821285        6.730000    
 -0.740001717223141        6.740000    
 -0.740217476808563        6.750000    
 -0.740432665922216        6.760000    
 -0.740647286896369        6.770000    
 -0.740861342050978        6.780000    
 -0.741074833693759        6.790000    
 -0.741287764120267        6.800000    
 -0.741500135613976        6.810000    
 -0.741711950446350        6.820000    
 -0.741923210876922        6.830000    
 -0.742133919153370        6.840000    
 -0.742344077511588        6.850000    
 -0.742553688175765        6.860000    
 -0.742762753358453        6.870000    
 -0.742971275260646        6.880000    
 -0.743179256071846        6.890000    
 -0.743386697970143        6.900000    
 -0.743593603122279        6.910000    
 -0.743799973683722        6.920000    
 -0.744005811798737        6.930000    
 -0.744211119600457        6.940000    
 -0.744415899210948        6.950000    
 -0.744620152741282        6.960000    
 -0.744823882291606        6.970000    
 -0.745027089951205        6.980000    
 -0.745229777798575        6.990000    
 -0.745431947901488        7.000000    
 -0.745633602317055        7.010000    
 -0.745834743091800        7.020000    
 -0.746035372261716        7.030000    
 -0.746235491852338        7.040000    
 -0.746435103878803        7.050000    
 -0.746634210345918        7.060000    
 -0.746832813248219        7.070000    
 -0.747030914570036        7.080000    
 -0.747228516285560        7.090000    
 -0.747425620358899        7.100000    
 -0.747622228744144        7.110000    
 -0.747818343385428        7.120000    
 -0.748013966216991        7.130000    
 -0.748209099163234        7.140000    
 -0.748403744138787        7.150000    
 -0.748597903048563        7.160000    
 -0.748791577787820        7.170000    
 -0.748984770242217        7.180000    
 -0.749177482287878        7.190000    
 -0.749369715791445        7.200000    
 -0.749561472610138        7.210000    
 -0.749752754591812        7.220000    
 -0.749943563575011        7.230000    
 -0.750133901389032        7.240000    
 -0.750323769853972        7.250000    
 -0.750513170780791        7.260000    
 -0.750702105971362        7.270000    
 -0.750890577218528        7.280000    
 -0.751078586306160        7.290000    
 -0.751266135009203        7.300000    
 -0.751453225093740        7.310000    
 -0.751639858317035        7.320000    
 -0.751826036427594        7.330000    
 -0.752011761165215        7.340000    
 -0.752197034261038        7.350000    
 -0.752381857437600        7.360000    
 -0.752566232408887        7.370000    
 -0.752750160880381        7.380000    
 -0.752933644549116        7.390000    
 -0.753116685103725        7.400000    
 -0.753299284224491        7.410000    
 -0.753481443583398        7.420000    
 -0.753663164844180        7.430000    
 -0.753844449662367        7.440000    
 -0.754025299685340        7.450000    
 -0.754205716552373        7.460000    
 -0.754385701894687        7.470000    
 -0.754565257335493        7.480000    
 -0.754744384490041        7.490000    
 -0.754923084965669        7.500000    
 -0.755101360361847        7.510000    
 -0.755279212270224        7.520000    
 -0.755456642274679        7.530000    
 -0.755633651951358        7.540000    
 -0.755810242868727        7.550000    
 -0.755986416587614        7.560000    
 -0.756162174661254        7.570000    
 -0.756337518635335        7.580000    
 -0.756512450048042        7.590000    
 -0.756686970430098        7.600000    
 -0.756861081304814        7.610000    
 -0.757034784188125        7.620000    
 -0.757208080588638        7.630000    
 -0.757380972007675        7.640000    
 -0.757553459939313        7.650000    
 -0.757725545870426        7.660000    
 -0.757897231280730        7.670000    
 -0.758068517642824        7.680000    
 -0.758239406422228        7.690000    
 -0.758409899077429        7.700000    
 -0.758579997059917        7.710000    
 -0.758749701814229        7.720000    
 -0.758919014777990        7.730000    
 -0.759087937381948        7.740000    
 -0.759256471050021        7.750000    
 -0.759424617199329        7.760000    
 -0.759592377240238        7.770000    
 -0.759759752576399        7.780000    
 -0.759926744604784        7.790000    
 -0.760093354715728        7.800000    
 -0.760259584292962        7.810000    
 -0.760425434713655        7.820000    
 -0.760590907348454        7.830000    
 -0.760756003561513        7.840000    
 -0.760920724710540        7.850000    
 -0.761085072146826        7.860000    
 -0.761249047215287        7.870000    
 -0.761412651254497        7.880000    
 -0.761575885596727        7.890000    
 -0.761738751567979        7.900000    
 -0.761901250488021        7.910000    
 -0.762063383670426        7.920000    
 -0.762225152422604        7.930000    
 -0.762386558045838        7.940000    
 -0.762547601835319        7.950000    
 -0.762708285080181        7.960000    
 -0.762868609063534        7.970000    
 -0.763028575062500        7.980000    
 -0.763188184348243        7.990000    
 -0.763347438186009        8.000000    
 -0.763506337835154        8.010000    
 -0.763664884549179        8.020000    
 -0.763823079575763        8.030000    
 -0.763980924156797        8.040000    
 -0.764138419528415        8.050000    
 -0.764295566921026        8.060000    
 -0.764452367559348        8.070000    
 -0.764608822662438        8.080000    
 -0.764764933443724        8.090000    
 -0.764920701111040        8.099999    
 -0.765076126866652        8.110000    
 -0.765231211907293        8.120000    
 -0.765385957424190        8.130000    
 -0.765540364603100        8.140000    
 -0.765694434624336        8.150001    
 -0.765848168662799        8.160000    
 -0.766001567888011        8.170000    
 -0.766154633464138        8.179999    
 -0.766307366550027        8.190001    
 -0.766459768299229        8.200000    
 -0.766611839860035        8.210000    
 -0.766763582375499        8.220000    
 -0.766914996983474        8.230000    
 -0.767066084816631        8.240000    
 -0.767216847002497        8.250000    
 -0.767367284663480        8.259999    
 -0.767517398916893        8.270000    
 -0.767667190874989        8.280000    
 -0.767816661644985        8.290000    
 -0.767965812329092        8.300000    
 -0.768114644024538        8.310000    
 -0.768263157823599        8.320000    
 -0.768411354813626        8.330000    
 -0.768559236077074        8.340000    
 -0.768706802691521        8.350000    
 -0.768854055729705        8.360000    
 -0.769000996259541        8.370000    
 -0.769147625344155        8.380000    
 -0.769293944041905        8.390000    
 -0.769439953406410        8.400000    
 -0.769585654486573        8.410000    
 -0.769731048326609        8.420000    
 -0.769876135966072        8.430000    
 -0.770020918439874        8.440000    
 -0.770165396778317        8.450000    
 -0.770309572007115        8.460000    
 -0.770453445147418        8.470000    
 -0.770597017215838        8.480000    
 -0.770740289224474        8.490000    
 -0.770883262180936        8.500000    
 -0.771025937088367        8.510000    
 -0.771168314945470        8.520000    
 -0.771310396746533        8.530000    
 -0.771452183481447        8.540000    
 -0.771593676135736        8.550000    
 -0.771734875690576        8.560000    
 -0.771875783122821        8.570000    
 -0.772016399405025        8.580000    
 -0.772156725505466        8.590000    
 -0.772296762388168        8.600000    
 -0.772436511012923        8.610000    
 -0.772575972335315        8.620000    
 -0.772715147306743        8.629999    
 -0.772854036874442        8.640000    
 -0.772992641981502        8.650001    
 -0.773130963566901        8.660000    
 -0.773269002565511        8.670000    
 -0.773406759908136        8.679999    
 -0.773544236521520        8.690000    
 -0.773681433328379        8.700000    
 -0.773818351247414        8.710000    
 -0.773954991193338        8.720000    
 -0.774091354076895        8.730000    
 -0.774227440804882        8.740000    
 -0.774363252280166        8.750000    
 -0.774498789401711        8.760000    
 -0.774634053064594        8.770000    
 -0.774769044160027        8.780001    
 -0.774903763575376        8.790000    
 -0.775038212194185        8.800000    
 -0.775172390896190        8.810000    
 -0.775306300557345        8.820000    
 -0.775439942049839        8.830000    
 -0.775573316242115        8.839999    
 -0.775706423998890        8.849999    
 -0.775839266181178        8.860001    
 -0.775971843646303        8.870000    
 -0.776104157247924        8.880000    
 -0.776236207836051        8.890000    
 -0.776367996257065        8.900000    
 -0.776499523353737        8.910000    
 -0.776630789965246        8.920000    
 -0.776761796927198        8.930000    
 -0.776892545071646        8.940001    
 -0.777023035227106        8.950000    
 -0.777153268218577        8.960000    
 -0.777283244867558        8.970000    
 -0.777412965992070        8.980000    
 -0.777542432406666        8.990000    
 -0.777671644922457        8.999999    
 -0.777800604347127        9.010000    
 -0.777929311484948        9.020000    
 -0.778057767136801        9.030000    
 -0.778185972100191        9.040000    
 -0.778313927169269        9.050000    
 -0.778441633134843        9.059999    
 -0.778569090784398        9.070000    
 -0.778696300902115        9.080001    
 -0.778823264268883        9.090000    
 -0.778949981662323        9.100000    
 -0.779076453856796        9.110000    
 -0.779202681623430        9.120000    
 -0.779328665730124        9.130000    
 -0.779454406941577        9.139999    
 -0.779579906019296        9.150001    
 -0.779705163721614        9.160000    
 -0.779830180803711        9.170000    
 -0.779954958017621        9.180000    
 -0.780079496112256        9.190000    
 -0.780203795833419        9.200000    
 -0.780327857923819        9.210000    
 -0.780451683123088        9.219999    
 -0.780575272167794        9.230000    
 -0.780698625791460        9.240001    
 -0.780821744724579        9.250000    
 -0.780944629694625        9.260000    
 -0.781067281426076        9.270000    
 -0.781189700640419        9.280000    
 -0.781311888056176        9.290000    
 -0.781433844388909        9.300000    
 -0.781555570351242        9.310000    
 -0.781677066652872        9.320000    
 -0.781798334000586        9.330000    
 -0.781919373098274        9.340000    
 -0.782040184646943        9.349999    
 -0.782160769344733        9.360000    
 -0.782281127886932        9.370001    
 -0.782401260965987        9.380000    
 -0.782521169271522        9.390000    
 -0.782640853490350        9.400001    
 -0.782760314306485        9.410000    
 -0.782879552401161        9.420000    
 -0.782998568452843        9.429999    
 -0.783117363137239        9.440000    
 -0.783235937127318        9.450001    
 -0.783354291093319        9.460000    
 -0.783472425702768        9.470000    
 -0.783590341620489        9.480000    
 -0.783708039508621        9.490000    
 -0.783825520026626        9.500000    
 -0.783942783831307        9.509999    
 -0.784059831576819        9.520000    
 -0.784176663914681        9.530001    
 -0.784293281493792        9.540000    
 -0.784409684960441        9.550000    
 -0.784525874958321        9.560000    
 -0.784641852128543        9.570000    
 -0.784757617109648        9.580000    
 -0.784873170537616        9.589999    
 -0.784988513045885        9.600000    
 -0.785103645265359        9.610001    
 -0.785218567824421        9.620000    
 -0.785333281348947        9.630000    
 -0.785447786462316        9.639999    
 -0.785562083785425        9.650000    
 -0.785676173936699        9.660000    
 -0.785790057532101        9.670000    
 -0.785903735185151        9.680000    
 -0.786017207506930        9.690001    
 -0.786130475106098        9.700000    
 -0.786243538588900        9.710000    
 -0.786356398559184        9.720000    
 -0.786469055618407        9.730000    
 -0.786581510365651        9.740001    
 -0.786693763397631        9.750000    
 -0.786805815308709        9.760000    
 -0.786917666690905        9.770000    
 -0.787029318133906        9.780000    
 -0.787140770225080        9.790000    
 -0.787252023549487        9.799999    
 -0.787363078689887        9.809999    
 -0.787473936226756        9.820001    
 -0.787584596738294        9.830000    
 -0.787695060800434        9.840000    
 -0.787805328986858        9.850000    
 -0.787915401869004        9.860000    
 -0.788025280016078        9.870000    
 -0.788134963995063        9.880000    
 -0.788244454370734        9.890000    
 -0.788353751705664        9.900001    
 -0.788462856560236        9.910000    
 -0.788571769492653        9.920000    
 -0.788680491058953        9.930000    
 -0.788789021813011        9.940000    
 -0.788897362306556        9.950000    
 -0.789005513089180        9.959999    
 -0.789113474708342        9.970000    
 -0.789221247709391        9.980000    
 -0.789328832635562        9.990000    
 -0.789436230027994        10.00000    
 -0.789543440425742        10.01000    
 -0.789650464365777        10.02000    
 -0.789757302383006        10.03000    
 -0.789863955010278        10.04000    
 -0.789970422778391        10.05000    
 -0.790076706216106        10.06000    
 -0.790182805850155        10.07000    
 -0.790288722205249        10.08000    
 -0.790394455804090        10.09000    
 -0.790500007167379        10.10000    
 -0.790605376813826        10.11000    
 -0.790710565260159        10.12000    
 -0.790815573021133        10.13000    
 -0.790920400609539        10.14000    
 -0.791025048536217        10.15000    
 -0.791129517310059        10.16000    
 -0.791233807438022        10.17000    
 -0.791337919425135        10.18000    
 -0.791441853774513        10.19000    
 -0.791545610987359        10.20000    
 -0.791649191562975        10.21000    
 -0.791752595998775        10.22000    
 -0.791855824790289        10.23000    
 -0.791958878431173        10.24000    
 -0.792061757413221        10.25000    
 -0.792164462226367        10.26000    
 -0.792266993358699        10.27000    
 -0.792369351296468        10.28000    
 -0.792471536524092        10.29000    
 -0.792573549524168        10.30000    
 -0.792675390777478        10.31000    
 -0.792777060763002        10.32000    
 -0.792878559957922        10.33000    
 -0.792979888837629        10.34000    
 -0.793081047875736        10.35000    
 -0.793182037544084        10.36000    
 -0.793282858312749        10.37000    
 -0.793383510650053        10.38000    
 -0.793483995022569        10.39000    
 -0.793584311895129        10.40000    
 -0.793684461730836        10.41000    
 -0.793784444991068        10.42000    
 -0.793884262135486        10.43000    
 -0.793983913622045        10.44000    
 -0.794083399906999        10.45000    
 -0.794182721444908        10.46000    
 -0.794281878688651        10.47000    
 -0.794380872089426        10.48000    
 -0.794479702096764        10.49000    
 -0.794578369158533        10.50000    
 -0.794676873720949        10.51000    
 -0.794775216228578        10.52000    
 -0.794873397124350        10.53000    
 -0.794971416849561        10.54000    
 -0.795069275843884        10.55000    
 -0.795166974545375        10.56000    
 -0.795264513390478        10.57000    
 -0.795361892814039        10.58000    
 -0.795459113249305        10.59000    
 -0.795556175127937        10.60000    
 -0.795653078880016        10.61000    
 -0.795749824934046        10.62000    
 -0.795846413716969        10.63000    
 -0.795942845654163        10.64000    
 -0.796039121169459        10.65000    
 -0.796135240685138        10.66000    
 -0.796231204621944        10.67000    
 -0.796327013399089        10.68000    
 -0.796422667434262        10.69000    
 -0.796518167143633        10.70000    
 -0.796613512941860        10.71000    
 -0.796708705242097        10.72000    
 -0.796803744456003        10.73000    
 -0.796898630993744        10.74000    
 -0.796993365264000        10.75000    
 -0.797087947673977        10.76000    
 -0.797182378629408        10.77000    
 -0.797276658534563        10.78000    
 -0.797370787792251        10.79000    
 -0.797464766803833        10.80000    
 -0.797558595969224        10.81000    
 -0.797652275686898        10.82000    
 -0.797745806353902        10.83000    
 -0.797839188365851        10.84000    
 -0.797932422116946        10.85000    
 -0.798025507999971        10.86000    
 -0.798118446406305        10.87000    
 -0.798211237725924        10.88000    
 -0.798303882347414        10.89000    
 -0.798396380657967        10.90000    
 -0.798488733043397        10.91000    
 -0.798580939888140        10.92000    
 -0.798673001575261        10.93000    
 -0.798764918486464        10.94000    
 -0.798856691002090        10.95000    
 -0.798948319501133        10.96000    
 -0.799039804361238        10.97000    
 -0.799131145958710        10.98000    
 -0.799222344668520        10.99000    
 -0.799313400864310        11.00000    
 -0.799404314918400        11.01000    
 -0.799495087201791        11.02000    
 -0.799585718084177        11.03000    
 -0.799676207933941        11.04000    
 -0.799766557118171        11.05000    
 -0.799856766002658        11.06000    
 -0.799946834951905        11.07000    
 -0.800036764329133        11.08000    
 -0.800126554496285        11.09000    
 -0.800216205814033        11.10000    
 -0.800305718641781        11.11000    
 -0.800395093337674        11.12000    
 -0.800484330258601        11.13000    
 -0.800573429760201        11.14000    
 -0.800662392196870        11.15000    
 -0.800751217921763        11.16000    
 -0.800839907286801        11.17000    
 -0.800928460642680        11.18000    
 -0.801016878338869        11.19000    
 -0.801105160723622        11.20000    
 -0.801193308143979        11.21000    
 -0.801281320945773        11.22000    
 -0.801369199473634        11.23000    
 -0.801456944070998        11.24000    
 -0.801544555080105        11.25000    
 -0.801632032842012        11.26000    
 -0.801719377696591        11.27000    
 -0.801806589982542        11.28000    
 -0.801893670037388        11.29000    
 -0.801980618197490        11.30000    
 -0.802067434798046        11.31000    
 -0.802154120173096        11.32000    
 -0.802240674655530        11.33000    
 -0.802327098577092        11.34000    
 -0.802413392268381        11.35000    
 -0.802499556058863        11.36000    
 -0.802585590276869        11.37000    
 -0.802671495249605        11.38000    
 -0.802757271303152        11.39000    
 -0.802842918762475        11.40000    
 -0.802928437951426        11.41000    
 -0.803013829192747        11.42000    
 -0.803099092808080        11.43000    
 -0.803184229117963        11.44000    
 -0.803269238441845        11.45000    
 -0.803354121098082        11.46000    
 -0.803438877403945        11.47000    
 -0.803523507675627        11.48000    
 -0.803608012228242        11.49000    
 -0.803692391375835        11.50000    
 -0.803776645431384        11.51000    
 -0.803860774706804        11.52000    
 -0.803944779512950        11.53000    
 -0.804028660159629        11.54000    
 -0.804112416955592        11.55000    
 -0.804196050208552        11.56000    
 -0.804279560225177        11.57000    
 -0.804362947311102        11.58000    
 -0.804446211770929        11.59000    
 -0.804529353908233        11.60000    
 -0.804612374025566        11.61000    
 -0.804695272424462        11.62000    
 -0.804778049405440        11.63000    
 -0.804860705268009        11.64000    
 -0.804943240310671        11.65000    
 -0.805025654830928        11.66000    
 -0.805107949125284        11.67000    
 -0.805190123489248        11.68000    
 -0.805272178217341        11.69000    
 -0.805354113603099        11.70000    
 -0.805435929939075        11.71000    
 -0.805517627516848        11.72000    
 -0.805599206627021        11.73000    
 -0.805680667559229        11.74000    
 -0.805762010602143        11.75000    
 -0.805843236043471        11.76000    
 -0.805924344169967        11.77000    
 -0.806005335267428        11.78000    
 -0.806086209620704        11.79000    
 -0.806166967513701        11.80000    
 -0.806247609229381        11.81000    
 -0.806328135049770        11.82000    
 -0.806408545255960        11.83000    
 -0.806488840128114        11.84000    
 -0.806569019945467        11.85000    
 -0.806649084986333        11.86000    
 -0.806729035528108        11.87000    
 -0.806808871847274        11.88000    
 -0.806888594219401        11.89000    
 -0.806968202919150        11.90000    
 -0.807047698220281        11.91000    
 -0.807127080395655        11.92000    
 -0.807206349717235        11.93000    
 -0.807285506456091        11.94000    
 -0.807364550882407        11.95000    
 -0.807443483265479        11.96000    
 -0.807522303873722        11.97000    
 -0.807601012974673        11.98000    
 -0.807679610834997        11.99000    
 -0.807758097720485        12.00000    
 -0.807836473896061        12.01000    
 -0.807914739625786        12.02000    
 -0.807992895172861        12.03000    
 -0.808070940799629        12.04000    
 -0.808148876767581        12.05000    
 -0.808226703337356        12.06000    
 -0.808304420768749        12.07000    
 -0.808382029320710        12.08000    
