 -2.419206410296425E-005  9.9999998E-03
 -4.833591912610826E-005  2.0000000E-02
 -7.247914259967290E-005  2.9999999E-02
 -9.662141912425853E-005  3.9999999E-02
 -1.207624333866044E-004  5.0000001E-02
 -1.449018701911766E-004  5.9999999E-02
 -1.690394144890236E-004  7.0000000E-02
 -1.931747514068081E-004  7.9999998E-02
 -2.173075662761588E-004  9.0000004E-02
 -2.414375446626391E-004  0.1000000    
 -2.655643723948999E-004  0.1100000    
 -2.896877355936391E-004  0.1200000    
 -3.138073207004804E-004  0.1300000    
 -3.379228145068869E-004  0.1400000    
 -3.620339041828537E-004  0.1500000    
 -3.861402773055815E-004  0.1600000    
 -4.102416218880574E-004  0.1700000    
 -4.343376264073906E-004  0.1800000    
 -4.584279798333835E-004  0.1900000    
 -4.825123716564495E-004  0.2000000    
 -5.065904919158898E-004  0.2100000    
 -5.306620312278159E-004  0.2200000    
 -5.547266808128560E-004  0.2300000    
 -5.787841325239694E-004  0.2400000    
 -6.028340788737445E-004  0.2500000    
 -6.268762130619296E-004  0.2600000    
 -6.509102290025034E-004  0.2700000    
 -6.749358213506672E-004  0.2800000    
 -6.989526855297180E-004  0.2900000    
 -7.229605177575950E-004  0.3000000    
 -7.469590150734024E-004  0.3100000    
 -7.709478753635847E-004  0.3200000    
 -7.949267973879773E-004  0.3300000    
 -8.188954808056539E-004  0.3400000    
 -8.428536262004736E-004  0.3500000    
 -8.668009351065006E-004  0.3600000    
 -8.907371100331965E-004  0.3700000    
 -9.146618544902868E-004  0.3800000    
 -9.385748730124329E-004  0.3900000    
 -9.624758711837620E-004  0.4000000    
 -9.863645556619767E-004  0.4100000    
 -1.010240634202339E-003  0.4200000    
 -1.034103815681329E-003  0.4300000    
 -1.057953810120100E-003  0.4400000    
 -1.081790328707599E-003  0.4500000    
 -1.105613083823497E-003  0.4600000    
 -1.129421789060699E-003  0.4700000    
 -1.153216159247795E-003  0.4800000    
 -1.176995910471009E-003  0.4900000    
 -1.200760760096001E-003  0.5000000    
 -1.224510426789291E-003  0.5100000    
 -1.248244630539443E-003  0.5200000    
 -1.271963092677986E-003  0.5300000    
 -1.295665535899823E-003  0.5400000    
 -1.319351684283696E-003  0.5500000    
 -1.343021263311952E-003  0.5600000    
 -1.366673999890259E-003  0.5700000    
 -1.390309622366937E-003  0.5800000    
 -1.413927860551913E-003  0.5900000    
 -1.437528445735419E-003  0.6000000    
 -1.461111110706354E-003  0.6100000    
 -1.484675589770306E-003  0.6200000    
 -1.508221618767217E-003  0.6300000    
 -1.531748935088837E-003  0.6400000    
 -1.555257277695651E-003  0.6500000    
 -1.578746387133656E-003  0.6600000    
 -1.602216005550708E-003  0.6700000    
 -1.625665876712520E-003  0.6800000    
 -1.649095746018382E-003  0.6900000    
 -1.672505360516462E-003  0.7000000    
 -1.695894468918874E-003  0.7100000    
 -1.719262821616255E-003  0.7200000    
 -1.742610170692143E-003  0.7300000    
 -1.765936269936875E-003  0.7400000    
 -1.789240874861342E-003  0.7500000    
 -1.812523742710042E-003  0.7600000    
 -1.835784632474240E-003  0.7700000    
 -1.859023304904371E-003  0.7800000    
 -1.882239520751152E-003  0.7900000    
 -1.905433047199797E-003  0.8000000    
 -1.928603649190789E-003  0.8100000    
 -1.951751098541659E-003  0.8200000    
 -1.974875157968014E-003  0.8300000    
 -1.997975602167344E-003  0.8400000    
 -2.021052204527644E-003  0.8500000    
 -2.044104740284206E-003  0.8600000    
 -2.067132986529027E-003  0.8700000    
 -2.090136722220024E-003  0.8800000    
 -2.113115728189645E-003  0.8900000    
 -2.136069787153385E-003  0.9000000    
 -2.158998683717840E-003  0.9100000    
 -2.181902204388353E-003  0.9200000    
 -2.204780137576507E-003  0.9300000    
 -2.227632273607086E-003  0.9400000    
 -2.250458404724809E-003  0.9500000    
 -2.273258325100759E-003  0.9600000    
 -2.296031830838307E-003  0.9700000    
 -2.318778719978906E-003  0.9800000    
 -2.341498792507406E-003  0.9900000    
 -2.364191850357183E-003   1.000000    
 -2.386857697414751E-003   1.010000    
 -2.409496139524209E-003   1.020000    
 -2.432106984491333E-003   1.030000    
 -2.454690042087250E-003   1.040000    
 -2.477245124051970E-003   1.050000    
 -2.499772044097419E-003   1.060000    
 -2.522270617910260E-003   1.070000    
 -2.544740663154400E-003   1.080000    
 -2.567181999473168E-003   1.090000    
 -2.589594448491205E-003   1.100000    
 -2.611977833816010E-003   1.110000    
 -2.634331981039214E-003   1.120000    
 -2.656656717737604E-003   1.130000    
 -2.678951873473743E-003   1.140000    
 -2.701217279796426E-003   1.150000    
 -2.723452770240747E-003   1.160000    
 -2.745658180327912E-003   1.170000    
 -2.767833347564815E-003   1.180000    
 -2.789978111443224E-003   1.190000    
 -2.812092313438898E-003   1.200000    
 -2.834175797010131E-003   1.210000    
 -2.856228407596348E-003   1.220000    
 -2.878249992616174E-003   1.230000    
 -2.900240401465403E-003   1.240000    
 -2.922199485514633E-003   1.250000    
 -2.944127098106705E-003   1.260000    
 -2.966023097402840E-003   1.270000    
 -2.987887335148372E-003   1.280000    
 -3.009719673275986E-003   1.290000    
 -3.031519972986600E-003   1.300000    
 -3.053288097436714E-003   1.310000    
 -3.075023911734249E-003   1.320000    
 -3.096727282934360E-003   1.330000    
 -3.118398080034874E-003   1.340000    
 -3.140036173971542E-003   1.350000    
 -3.161641437613137E-003   1.360000    
 -3.183213745756237E-003   1.370000    
 -3.204752975119908E-003   1.380000    
 -3.226259004340047E-003   1.390000    
 -3.247731713963632E-003   1.400000    
 -3.269170986442757E-003   1.410000    
 -3.290576706128377E-003   1.420000    
 -3.311948759263982E-003   1.430000    
 -3.333287033979029E-003   1.440000    
 -3.354591420282147E-003   1.450000    
 -3.375861810054236E-003   1.460000    
 -3.397098097041379E-003   1.470000    
 -3.418300176847472E-003   1.480000    
 -3.439467946926879E-003   1.490000    
 -3.460601306576697E-003   1.500000    
 -3.481700156929046E-003   1.510000    
 -3.502764400943117E-003   1.520000    
 -3.523793943397043E-003   1.530000    
 -3.544788690879676E-003   1.540000    
 -3.565748551782144E-003   1.550000    
 -3.586673436289396E-003   1.560000    
 -3.607563256371403E-003   1.570000    
 -3.628417925774434E-003   1.580000    
 -3.649237360012048E-003   1.590000    
 -3.670021476356066E-003   1.600000    
 -3.690770193827268E-003   1.610000    
 -3.711483433186141E-003   1.620000    
 -3.732161116923426E-003   1.630000    
 -3.752803169250501E-003   1.640000    
 -3.773409516089744E-003   1.650000    
 -3.793980085064754E-003   1.660000    
 -3.814514805490378E-003   1.670000    
 -3.835013608362849E-003   1.680000    
 -3.855476426349573E-003   1.690000    
 -3.875903193779065E-003   1.700000    
 -3.896293846630489E-003   1.710000    
 -3.916648322523505E-003   1.720000    
 -3.936966560707668E-003   1.730000    
 -3.957248502051930E-003   1.740000    
 -3.977494089034068E-003   1.750000    
 -3.997703265729948E-003   1.760000    
 -4.017875977802786E-003   1.770000    
 -4.038012172492318E-003   1.780000    
 -4.058111798603941E-003   1.790000    
 -4.078174806497647E-003   1.800000    
 -4.098201148077127E-003   1.810000    
 -4.118190776778640E-003   1.820000    
 -4.138143647559870E-003   1.830000    
 -4.158059716888783E-003   1.840000    
 -4.177938942732340E-003   1.850000    
 -4.197781284545312E-003   1.860000    
 -4.217586703258855E-003   1.870000    
 -4.237355161269270E-003   1.880000    
 -4.257086622426467E-003   1.890000    
 -4.276781052022690E-003   1.900000    
 -4.296438416780905E-003   1.910000    
 -4.316058684843444E-003   1.920000    
 -4.335641825760343E-003   1.930000    
 -4.355187810477973E-003   1.940000    
 -4.374696611327297E-003   1.950000    
 -4.394168202012403E-003   1.960000    
 -4.413602557598867E-003   1.970000    
 -4.432999654502158E-003   1.980000    
 -4.452359470475940E-003   1.990000    
 -4.471681984600504E-003   2.000000    
 -4.490967177271082E-003   2.010000    
 -4.510215030186277E-003   2.020000    
 -4.529425526336257E-003   2.030000    
 -4.548598649991186E-003   2.040000    
 -4.567734386689622E-003   2.050000    
 -4.586832723226750E-003   2.060000    
 -4.605893647642832E-003   2.070000    
 -4.624917149211454E-003   2.080000    
 -4.643903218428001E-003   2.090000    
 -4.662851846997999E-003   2.100000    
 -4.681763027825438E-003   2.110000    
 -4.700636755001319E-003   2.120000    
 -4.719473023791905E-003   2.130000    
 -4.738271830627277E-003   2.140000    
 -4.757033173089775E-003   2.150000    
 -4.775757049902412E-003   2.160000    
 -4.794443460917478E-003   2.170000    
 -4.813092407104927E-003   2.180000    
 -4.831703890541095E-003   2.190000    
 -4.850277914397138E-003   2.200000    
 -4.868814482927728E-003   2.210000    
 -4.887313601459639E-003   2.220000    
 -4.905775276380482E-003   2.230000    
 -4.924199515127301E-003   2.240000    
 -4.942586326175439E-003   2.250000    
 -4.960935719027250E-003   2.260000    
 -4.979247704200886E-003   2.270000    
 -4.997522293219183E-003   2.280000    
 -5.015759498598591E-003   2.290000    
 -5.033959333838009E-003   2.300000    
 -5.052121813407872E-003   2.310000    
 -5.070246952739037E-003   2.320000    
 -5.088334768211997E-003   2.330000    
 -5.106385277145884E-003   2.340000    
 -5.124398497787604E-003   2.350000    
 -5.142374449301178E-003   2.360000    
 -5.160313151756833E-003   2.370000    
 -5.178214626120376E-003   2.380000    
 -5.196078894242576E-003   2.390000    
 -5.213905978848483E-003   2.400000    
 -5.231695903526965E-003   2.410000    
 -5.249448699694332E-003   2.420000    
 -5.267164378854930E-003   2.430000    
 -5.284842973935336E-003   2.440000    
 -5.302484511875147E-003   2.450000    
 -5.320089020425765E-003   2.460000    
 -5.337656528140328E-003   2.470000    
 -5.355187064363396E-003   2.480000    
 -5.372680659220876E-003   2.490000    
 -5.390137343610107E-003   2.500000    
 -5.407557149189699E-003   2.510000    
 -5.424940108369723E-003   2.520000    
 -5.442286254301821E-003   2.530000    
 -5.459595620869327E-003   2.540000    
 -5.476868242677671E-003   2.550000    
 -5.494104155044611E-003   2.560000    
 -5.511303393990598E-003   2.570000    
 -5.528465996229233E-003   2.580000    
 -5.545591999157841E-003   2.590000    
 -5.562681440847928E-003   2.600000    
 -5.579734360035943E-003   2.610000    
 -5.596750796113842E-003   2.620000    
 -5.613730789119952E-003   2.630000    
 -5.630674379729792E-003   2.640000    
 -5.647581609246887E-003   2.650000    
 -5.664452519593829E-003   2.660000    
 -5.681287153303227E-003   2.670000    
 -5.698085553508824E-003   2.680000    
 -5.714847763936643E-003   2.690000    
 -5.731573828896214E-003   2.700000    
 -5.748263793271899E-003   2.710000    
 -5.764917702514187E-003   2.720000    
 -5.781535602631092E-003   2.730000    
 -5.798117540179746E-003   2.740000    
 -5.814663562257882E-003   2.750000    
 -5.831173716495461E-003   2.760000    
 -5.847648051046365E-003   2.770000    
 -5.864086614580113E-003   2.780000    
 -5.880489456273806E-003   2.790000    
 -5.896856625803856E-003   2.800000    
 -5.913188173338073E-003   2.810000    
 -5.929484149527565E-003   2.820000    
 -5.945744605498979E-003   2.830000    
 -5.961969592846549E-003   2.840000    
 -5.978159163624309E-003   2.850000    
 -5.994313370338463E-003   2.860000    
 -6.010432265939694E-003   2.870000    
 -6.026515903815585E-003   2.880000    
 -6.042564337783170E-003   2.890000    
 -6.058577622081371E-003   2.900000    
 -6.074555811363755E-003   2.910000    
 -6.090498960691169E-003   2.920000    
 -6.106407125524452E-003   2.930000    
 -6.122280361717336E-003   2.940000    
 -6.138118725509313E-003   2.950000    
 -6.153922273518545E-003   2.960000    
 -6.169691062734929E-003   2.970000    
 -6.185425150513211E-003   2.980000    
 -6.201124594566018E-003   2.990000    
 -6.216789452957272E-003   3.000000    
 -6.232419784095234E-003   3.010000    
 -6.248015646726070E-003   3.020000    
 -6.263577099927082E-003   3.030000    
 -6.279104203100295E-003   3.040000    
 -6.294597015965998E-003   3.050000    
 -6.310055598556258E-003   3.060000    
 -6.325480011208662E-003   3.070000    
 -6.340870314560020E-003   3.080000    
 -6.356226569540149E-003   3.090000    
 -6.371548837365749E-003   3.100000    
 -6.386837179534307E-003   3.110000    
 -6.402091657818059E-003   3.120000    
 -6.417312334258067E-003   3.130000    
 -6.432499271158268E-003   3.140000    
 -6.447652531079681E-003   3.150000    
 -6.462772176834656E-003   3.160000    
 -6.477858271481068E-003   3.170000    
 -6.492910878316747E-003   3.180000    
 -6.507930060873818E-003   3.190000    
 -6.522915882913218E-003   3.200000    
 -6.537868408419213E-003   3.210000    
 -6.552787701593924E-003   3.220000    
 -6.567673826852038E-003   3.230000    
 -6.582526848815468E-003   3.240000    
 -6.597346832308130E-003   3.250000    
 -6.612133842350718E-003   3.260000    
 -6.626887944155632E-003   3.270000    
 -6.641609203121868E-003   3.280000    
 -6.656297684830037E-003   3.290000    
 -6.670953455037353E-003   3.300000    
 -6.685576579672752E-003   3.310000    
 -6.700167124832096E-003   3.320000    
 -6.714725156773291E-003   3.330000    
 -6.729250741911663E-003   3.340000    
 -6.743743946815123E-003   3.350000    
 -6.758204838199682E-003   3.360000    
 -6.772633482924807E-003   3.370000    
 -6.787029947988865E-003   3.380000    
 -6.801394300524780E-003   3.390000    
 -6.815726607795443E-003   3.400000    
 -6.830026937189473E-003   3.410000    
 -6.844295356216885E-003   3.420000    
 -6.858531932504772E-003   3.430000    
 -6.872736733793152E-003   3.440000    
 -6.886909827930772E-003   3.450000    
 -6.901051282871017E-003   3.460000    
 -6.915161166667876E-003   3.470000    
 -6.929239547471822E-003   3.480000    
 -6.943286493525990E-003   3.490000    
 -6.957302073162181E-003   3.500000    
 -6.971286354797025E-003   3.510000    
 -6.985239406928096E-003   3.520000    
 -6.999161298130315E-003   3.530000    
 -7.013052097052004E-003   3.540000    
 -7.026911872411360E-003   3.550000    
 -7.040740692992792E-003   3.560000    
 -7.054538627643281E-003   3.570000    
 -7.068305745268981E-003   3.580000    
 -7.082042114831537E-003   3.590000    
 -7.095747805344777E-003   3.600000    
 -7.109422885871285E-003   3.610000    
 -7.123067425518977E-003   3.620000    
 -7.136681493437861E-003   3.630000    
 -7.150265158816727E-003   3.640000    
 -7.163818490879905E-003   3.650000    
 -7.177341558884126E-003   3.660000    
 -7.190834432115330E-003   3.670000    
 -7.204297179885554E-003   3.680000    
 -7.217729871529935E-003   3.690000    
 -7.231132576403636E-003   3.700000    
 -7.244505363878872E-003   3.710000    
 -7.257848303341974E-003   3.720000    
 -7.271161464190505E-003   3.730000    
 -7.284444915830380E-003   3.740000    
 -7.297698727673025E-003   3.750000    
 -7.310922969132664E-003   3.760000    
 -7.324117709623517E-003   3.770000    
 -7.337283018557064E-003   3.780000    
 -7.350418965339492E-003   3.790000    
 -7.363525619368943E-003   3.800000    
 -7.376603050032991E-003   3.810000    
 -7.389651326706032E-003   3.820000    
 -7.402670518746831E-003   3.830000    
 -7.415660695495981E-003   3.840000    
 -7.428621926273476E-003   3.850000    
 -7.441554280376318E-003   3.860000    
 -7.454457827076059E-003   3.870000    
 -7.467332635616560E-003   3.880000    
 -7.480178775211614E-003   3.890000    
 -7.492996315042645E-003   3.900000    
 -7.505785324256586E-003   3.910000    
 -7.518545871963537E-003   3.920000    
 -7.531278027234641E-003   3.930000    
 -7.543981859099950E-003   3.940000    
 -7.556657436546296E-003   3.950000    
 -7.569304828515225E-003   3.960000    
 -7.581924103900911E-003   3.970000    
 -7.594515331548186E-003   3.980000    
 -7.607078580250534E-003   3.990000    
 -7.619613918748116E-003   4.000000    
 -7.632121415725895E-003   4.010000    
 -7.644601139811650E-003   4.020000    
 -7.657053159574216E-003   4.030000    
 -7.669477543521568E-003   4.040000    
 -7.681874360099028E-003   4.050000    
 -7.694243677687526E-003   4.060000    
 -7.706585564601803E-003   4.070000    
 -7.718900089088701E-003   4.080000    
 -7.731187319325478E-003   4.090000    
 -7.743447323418119E-003   4.100000    
 -7.755680169399724E-003   4.110000    
 -7.767885925228878E-003   4.120000    
 -7.780064658788019E-003   4.130000    
 -7.792216437881987E-003   4.140000    
 -7.804341330236378E-003   4.150000    
 -7.816439403496092E-003   4.160000    
 -7.828510725223803E-003   4.170000    
 -7.840555362898603E-003   4.180000    
 -7.852573383914428E-003   4.190000    
 -7.864564855578723E-003   4.200000    
 -7.876529845111099E-003   4.210000    
 -7.888468419641873E-003   4.220000    
 -7.900380646210790E-003   4.230000    
 -7.912266591765709E-003   4.240000    
 -7.924126323161289E-003   4.250000    
 -7.935959907157735E-003   4.260000    
 -7.947767410419561E-003   4.270000    
 -7.959548899514340E-003   4.280000    
 -7.971304440911525E-003   4.290000    
 -7.983034100981241E-003   4.300000    
 -7.994737945993211E-003   4.310000    
 -8.006416042115477E-003   4.320000    
 -8.018068455413443E-003   4.330000    
 -8.029695251848646E-003   4.340000    
 -8.041296497277780E-003   4.350000    
 -8.052872257451578E-003   4.360000    
 -8.064422598013824E-003   4.370000    
 -8.075947584500302E-003   4.380000    
 -8.087447282337845E-003   4.390000    
 -8.098921756843333E-003   4.400000    
 -8.110371073222719E-003   4.410000    
 -8.121795296570143E-003   4.420000    
 -8.133194491866978E-003   4.430000    
 -8.144568723980960E-003   4.440000    
 -8.155918057665246E-003   4.450000    
 -8.167242557557672E-003   4.460000    
 -8.178542288179763E-003   4.470000    
 -8.189817313936016E-003   4.480000    
 -8.201067699113031E-003   4.490000    
 -8.212293507878778E-003   4.500000    
 -8.223494804281743E-003   4.510000    
 -8.234671652250202E-003   4.520000    
 -8.245824115591539E-003   4.530000    
 -8.256952257991458E-003   4.540000    
 -8.268056143013220E-003   4.550000    
 -8.279135834097113E-003   4.560000    
 -8.290191394559636E-003   4.570000    
 -8.301222887592840E-003   4.580000    
 -8.312230376263788E-003   4.590000    
 -8.323213923513838E-003   4.600000    
 -8.334173592158003E-003   4.610000    
 -8.345109444884433E-003   4.620000    
 -8.356021544253783E-003   4.630000    
 -8.366909952698639E-003   4.640000    
 -8.377774732522948E-003   4.650000    
 -8.388615945901533E-003   4.660000    
 -8.399433654879477E-003   4.670000    
 -8.410227921371659E-003   4.680000    
 -8.420998807162275E-003   4.690000    
 -8.431746373904293E-003   4.700000    
 -8.442470683118966E-003   4.710000    
 -8.453171796195466E-003   4.720000    
 -8.463849774390310E-003   4.730000    
 -8.474504678827023E-003   4.740000    
 -8.485136570495634E-003   4.750000    
 -8.495745510252357E-003   4.760000    
 -8.506331558819030E-003   4.770000    
 -8.516894776782904E-003   4.780000    
 -8.527435224596180E-003   4.790000    
 -8.537952962575620E-003   4.800000    
 -8.548448050902246E-003   4.810000    
 -8.558920549620971E-003   4.820000    
 -8.569370518640302E-003   4.830000    
 -8.579798017731906E-003   4.840000    
 -8.590203106530437E-003   4.850000    
 -8.600585844533220E-003   4.860000    
 -8.610946291099845E-003   4.870000    
 -8.621284505452038E-003   4.880000    
 -8.631600546673265E-003   4.890000    
 -8.641894473708570E-003   4.900000    
 -8.652166345364282E-003   4.910000    
 -8.662416220307808E-003   4.920000    
 -8.672644157067340E-003   4.930000    
 -8.682850214031706E-003   4.940000    
 -8.693034449450139E-003   4.950000    
 -8.703196921432092E-003   4.960000    
 -8.713337687946993E-003   4.970000    
 -8.723456806824110E-003   4.980000    
 -8.733554335752382E-003   4.990000    
 -8.743630332280259E-003   5.000000    
 -8.753684853815495E-003   5.010000    
 -8.763717957625072E-003   5.020000    
 -8.773729700835016E-003   5.030000    
 -8.783720140430275E-003   5.040000    
 -8.793689333254622E-003   5.050000    
 -8.803637336010530E-003   5.060000    
 -8.813564205259035E-003   5.070000    
 -8.823469997419687E-003   5.080000    
 -8.833354768770438E-003   5.090000    
 -8.843218575447551E-003   5.100000    
 -8.853061473445551E-003   5.110000    
 -8.862883518617151E-003   5.120000    
 -8.872684766673158E-003   5.130000    
 -8.882465273182484E-003   5.140000    
 -8.892225093572060E-003   5.150000    
 -8.901964283126748E-003   5.160000    
 -8.911682896989473E-003   5.170000    
 -8.921380990160981E-003   5.180000    
 -8.931058617500013E-003   5.190000    
 -8.940715833723174E-003   5.200000    
 -8.950352693404965E-003   5.210000    
 -8.959969250977803E-003   5.220000    
 -8.969565573581209E-003   5.230000    
 -8.979141689715165E-003   5.240000    
 -8.988697666184728E-003   5.250000    
 -8.998233556854031E-003   5.260000    
 -9.007749415445233E-003   5.270000    
 -9.017245295538530E-003   5.280000    
 -9.026721250572179E-003   5.290000    
 -9.036177333842562E-003   5.300000    
 -9.045613598504278E-003   5.310000    
 -9.055030097570136E-003   5.320000    
 -9.064426883911299E-003   5.330000    
 -9.073804010257253E-003   5.340000    
 -9.083161529196001E-003   5.350000    
 -9.092499493174033E-003   5.360000    
 -9.101817954496503E-003   5.370000    
 -9.111116965327249E-003   5.380000    
 -9.120396577688981E-003   5.390000    
 -9.129656843463233E-003   5.400000    
 -9.138897814390600E-003   5.410000    
 -9.148119542070839E-003   5.420000    
 -9.157322077962883E-003   5.430000    
 -9.166505473385059E-003   5.440000    
 -9.175669779515203E-003   5.450000    
 -9.184815047390743E-003   5.460000    
 -9.193941327908796E-003   5.470000    
 -9.203048671826470E-003   5.480000    
 -9.212137129760798E-003   5.490000    
 -9.221206752189010E-003   5.500000    
 -9.230257589448681E-003   5.510000    
 -9.239289691737807E-003   5.520000    
 -9.248303109115031E-003   5.530000    
 -9.257297891499736E-003   5.540000    
 -9.266274088672328E-003   5.550000    
 -9.275231750274258E-003   5.560000    
 -9.284170925808270E-003   5.570000    
 -9.293091664638577E-003   5.580000    
 -9.301994015991044E-003   5.590000    
 -9.310878028953315E-003   5.600000    
 -9.319743752475030E-003   5.610000    
 -9.328591235368076E-003   5.620000    
 -9.337420526306654E-003   5.630000    
 -9.346231673827539E-003   5.640000    
 -9.355024726330334E-003   5.650000    
 -9.363799732077557E-003   5.660000    
 -9.372556739194914E-003   5.670000    
 -9.381295795671474E-003   5.680000    
 -9.390016949359902E-003   5.690000    
 -9.398720247976678E-003   5.700000    
 -9.407405739102270E-003   5.710000    
 -9.416073470181401E-003   5.720000    
 -9.424723488523213E-003   5.730000    
 -9.433355841301509E-003   5.740000    
 -9.441970575555044E-003   5.750000    
 -9.450567738187633E-003   5.760000    
 -9.459147375968494E-003   5.770000    
 -9.467709535532403E-003   5.780000    
 -9.476254263379945E-003   5.790000    
 -9.484781605877788E-003   5.800000    
 -9.493291609258867E-003   5.810000    
 -9.501784319622680E-003   5.820000    
 -9.510259782935494E-003   5.830000    
 -9.518718045030556E-003   5.840000    
 -9.527159151608488E-003   5.850000    
 -9.535583148237308E-003   5.860000    
 -9.543990080352900E-003   5.870000    
 -9.552379993259148E-003   5.880000    
 -9.560752932128200E-003   5.890000    
 -9.569108942000750E-003   5.900000    
 -9.577448067786307E-003   5.910000    
 -9.585770354263407E-003   5.920000    
 -9.594075846079938E-003   5.930000    
 -9.602364587753353E-003   5.940000    
 -9.610636623670963E-003   5.950000    
 -9.618891998090183E-003   5.960000    
 -9.627130755138845E-003   5.970000    
 -9.635352938815412E-003   5.980000    
 -9.643558592989251E-003   5.990000    
 -9.651747761401021E-003   6.000000    
 -9.659920487662784E-003   6.010000    
 -9.668076815258341E-003   6.020000    
 -9.676216787543560E-003   6.030000    
 -9.684340447746648E-003   6.040000    
 -9.692447838968348E-003   6.050000    
 -9.700539004182307E-003   6.060000    
 -9.708613986235298E-003   6.070000    
 -9.716672827847562E-003   6.080000    
 -9.724715571613052E-003   6.090000    
 -9.732742259999710E-003   6.100000    
 -9.740752935349815E-003   6.110000    
 -9.748747639880193E-003   6.120000    
 -9.756726415682567E-003   6.130000    
 -9.764689304723833E-003   6.140000    
 -9.772636348846304E-003   6.150000    
 -9.780567589768073E-003   6.160000    
 -9.788483069083273E-003   6.170000    
 -9.796382828262337E-003   6.180000    
 -9.804266908652404E-003   6.190000    
 -9.812135351477453E-003   6.200000    
 -9.819988197838728E-003   6.210000    
 -9.827825488714987E-003   6.220000    
 -9.835647264962806E-003   6.230000    
 -9.843453567316871E-003   6.240000    
 -9.851244436390303E-003   6.250000    
 -9.859019912674903E-003   6.260000    
 -9.866780036541518E-003   6.270000    
 -9.874524848240300E-003   6.280000    
 -9.882254387901038E-003   6.290000    
 -9.889968695533408E-003   6.300000    
 -9.897667811027343E-003   6.310000    
 -9.905351774153278E-003   6.320000    
 -9.913020624562518E-003   6.330000    
 -9.920674401787479E-003   6.340000    
 -9.928313145242000E-003   6.350000    
 -9.935936894221720E-003   6.360000    
 -9.943545687904298E-003   6.370000    
 -9.951139565349751E-003   6.380000    
 -9.958718565500764E-003   6.390000    
 -9.966282727183012E-003   6.400000    
 -9.973832089105440E-003   6.410000    
 -9.981366689860565E-003   6.420000    
 -9.988886567924826E-003   6.430000    
 -9.996391761658875E-003   6.440000    
 -1.000388230930784E-002   6.450000    
 -1.001135824900171E-002   6.460000    
 -1.001881961875555E-002   6.470000    
 -1.002626645646993E-002   6.480000    
 -1.003369879993115E-002   6.490000    
 -1.004111668681152E-002   6.500000    
 -1.004852015466978E-002   6.510000    
 -1.005590924095132E-002   6.520000    
 -1.006328398298853E-002   6.530000    
 -1.007064441800107E-002   6.540000    
 -1.007799058309626E-002   6.550000    
 -1.008532251526927E-002   6.560000    
 -1.009264025140353E-002   6.570000    
 -1.009994382827104E-002   6.580000    
 -1.010723328253262E-002   6.590000    
 -1.011450865073822E-002   6.600000    
 -1.012176996932731E-002   6.610000    
 -1.012901727462908E-002   6.620000    
 -1.013625060286289E-002   6.630000    
 -1.014346999013842E-002   6.640000    
 -1.015067547245610E-002   6.650000    
 -1.015786708570737E-002   6.660000    
 -1.016504486567499E-002   6.670000    
 -1.017220884803338E-002   6.680000    
 -1.017935906834887E-002   6.690000    
 -1.018649556208010E-002   6.700000    
 -1.019361836457822E-002   6.710000    
 -1.020072751108729E-002   6.720000    
 -1.020782303674456E-002   6.730000    
 -1.021490497658074E-002   6.740000    
 -1.022197336552034E-002   6.750000    
 -1.022902823838204E-002   6.760000    
 -1.023606962987888E-002   6.770000    
 -1.024309757461864E-002   6.780000    
 -1.025011210710415E-002   6.790000    
 -1.025711326173354E-002   6.800000    
 -1.026410107280064E-002   6.810000    
 -1.027107557449521E-002   6.820000    
 -1.027803680090324E-002   6.830000    
 -1.028498478600735E-002   6.840000    
 -1.029191956368699E-002   6.850000    
 -1.029884116771880E-002   6.860000    
 -1.030574963177690E-002   6.870000    
 -1.031264498943322E-002   6.880000    
 -1.031952727415775E-002   6.890000    
 -1.032639651931890E-002   6.900000    
 -1.033325275818378E-002   6.910000    
 -1.034009602391852E-002   6.920000    
 -1.034692634958853E-002   6.930000    
 -1.035374376815883E-002   6.940000    
 -1.036054831249438E-002   6.950000    
 -1.036734001536037E-002   6.960000    
 -1.037411890942244E-002   6.970000    
 -1.038088502724710E-002   6.980000    
 -1.038763840130199E-002   6.990000    
 -1.039437906395616E-002   7.000000    
 -1.040110704748033E-002   7.010000    
 -1.040782238404730E-002   7.020000    
 -1.041452510573218E-002   7.030000    
 -1.042121524451266E-002   7.040000    
 -1.042789283226937E-002   7.050000    
 -1.043455790078618E-002   7.060000    
 -1.044121048175040E-002   7.070000    
 -1.044785060675323E-002   7.080000    
 -1.045447830728987E-002   7.090000    
 -1.046109361476003E-002   7.100000    
 -1.046769656046802E-002   7.110000    
 -1.047428717562318E-002   7.120000    
 -1.048086549134015E-002   7.130000    
 -1.048743153863910E-002   7.140000    
 -1.049398534844609E-002   7.150000    
 -1.050052695159331E-002   7.160000    
 -1.050705637881947E-002   7.170000    
 -1.051357366076997E-002   7.180000    
 -1.052007882799726E-002   7.190000    
 -1.052657191096111E-002   7.200000    
 -1.053305294002890E-002   7.210000    
 -1.053952194547591E-002   7.220000    
 -1.054597895748562E-002   7.230000    
 -1.055242400615002E-002   7.240000    
 -1.055885712146982E-002   7.250000    
 -1.056527833335480E-002   7.260000    
 -1.057168767162406E-002   7.270000    
 -1.057808516600639E-002   7.280000    
 -1.058447084614042E-002   7.290000    
 -1.059084474157500E-002   7.300000    
 -1.059720688176948E-002   7.310000    
 -1.060355729609394E-002   7.320000    
 -1.060989601382953E-002   7.330000    
 -1.061622306416872E-002   7.340000    
 -1.062253847621557E-002   7.350000    
 -1.062884227898606E-002   7.360000    
 -1.063513450140831E-002   7.370000    
 -1.064141517232291E-002   7.380000    
 -1.064768432048318E-002   7.390000    
 -1.065394197455540E-002   7.400000    
 -1.066018816311923E-002   7.410000    
 -1.066642291466777E-002   7.420000    
 -1.067264625760805E-002   7.430000    
 -1.067885822026117E-002   7.440000    
 -1.068505883086263E-002   7.450000    
 -1.069124811756259E-002   7.460000    
 -1.069742610842613E-002   7.470000    
 -1.070359283143357E-002   7.480000    
 -1.070974831448067E-002   7.490000    
 -1.071589258537900E-002   7.500000    
 -1.072202567185608E-002   7.510000    
 -1.072814760155578E-002   7.520000    
 -1.073425840203854E-002   7.530000    
 -1.074035810078158E-002   7.540000    
 -1.074644672517927E-002   7.550000    
 -1.075252430254331E-002   7.560000    
 -1.075859086010307E-002   7.570000    
 -1.076464642500579E-002   7.580000    
 -1.077069102431693E-002   7.590000    
 -1.077672468502033E-002   7.600000    
 -1.078274743401855E-002   7.610000    
 -1.078875929813310E-002   7.620000    
 -1.079476030410473E-002   7.630000    
 -1.080075047859365E-002   7.640000    
 -1.080672984817986E-002   7.650000    
 -1.081269843936333E-002   7.660000    
 -1.081865627856431E-002   7.670000    
 -1.082460339212359E-002   7.680000    
 -1.083053980630273E-002   7.690000    
 -1.083646554728434E-002   7.700000    
 -1.084238064117234E-002   7.710000    
 -1.084828511399221E-002   7.720000    
 -1.085417899169122E-002   7.730000    
 -1.086006230013872E-002   7.740000    
 -1.086593506512644E-002   7.750000    
 -1.087179731236862E-002   7.760000    
 -1.087764906750233E-002   7.770000    
 -1.088349035608777E-002   7.780000    
 -1.088932120360846E-002   7.790000    
 -1.089514163547150E-002   7.800000    
 -1.090095167700784E-002   7.810000    
 -1.090675135347248E-002   7.820000    
 -1.091254069004482E-002   7.830000    
 -1.091831971182877E-002   7.840000    
 -1.092408844385314E-002   7.850000    
 -1.092984691107180E-002   7.860000    
 -1.093559513836392E-002   7.870000    
 -1.094133315053424E-002   7.880000    
 -1.094706097231337E-002   7.890000    
 -1.095277862835792E-002   7.900000    
 -1.095848614325082E-002   7.910000    
 -1.096418354150156E-002   7.920000    
 -1.096987084754642E-002   7.930000    
 -1.097554808574867E-002   7.940000    
 -1.098121528039888E-002   7.950000    
 -1.098687245571514E-002   7.960000    
 -1.099251963584326E-002   7.970000    
 -1.099815684485705E-002   7.980000    
 -1.100378410675855E-002   7.990000    
 -1.100940144547823E-002   8.000000    
 -1.101500888487531E-002   8.010000    
 -1.102060644873787E-002   8.020000    
 -1.102619416078324E-002   8.030000    
 -1.103177204465811E-002   8.040000    
 -1.103734012393877E-002   8.050000    
 -1.104289842213145E-002   8.060000    
 -1.104844696267242E-002   8.070000    
 -1.105398576892832E-002   8.080000    
 -1.105951486419634E-002   8.090000    
 -1.106503427170444E-002   8.099999    
 -1.107054401461163E-002   8.110000    
 -1.107604411600814E-002   8.120000    
 -1.108153459891572E-002   8.130000    
 -1.108701548628779E-002   8.140000    
 -1.109248680100969E-002   8.150001    
 -1.109794856589894E-002   8.160000    
 -1.110340080370547E-002   8.170000    
 -1.110884353711174E-002   8.179999    
 -1.111427678873310E-002   8.190001    
 -1.111970058111794E-002   8.200000    
 -1.112511493674789E-002   8.210000    
 -1.113051987803812E-002   8.220000    
 -1.113591542733750E-002   8.230000    
 -1.114130160692882E-002   8.240000    
 -1.114667843902904E-002   8.250000    
 -1.115204594578951E-002   8.259999    
 -1.115740414929615E-002   8.270000    
 -1.116275307156970E-002   8.280000    
 -1.116809273456592E-002   8.290000    
 -1.117342316017581E-002   8.300000    
 -1.117874437022584E-002   8.310000    
 -1.118405638647815E-002   8.320000    
 -1.118935923063076E-002   8.330000    
 -1.119465292431779E-002   8.340000    
 -1.119993748910968E-002   8.350000    
 -1.120521294651338E-002   8.360000    
 -1.121047931797258E-002   8.370000    
 -1.121573662486793E-002   8.380000    
 -1.122098488851724E-002   8.390000    
 -1.122622413017561E-002   8.400000    
 -1.123145437103584E-002   8.410000    
 -1.123667563222838E-002   8.420000    
 -1.124188793482177E-002   8.430000    
 -1.124709129982270E-002   8.440000    
 -1.125228574817625E-002   8.450000    
 -1.125747130076611E-002   8.460000    
 -1.126264797841482E-002   8.470000    
 -1.126781580188385E-002   8.480000    
 -1.127297479187400E-002   8.490000    
 -1.127812496902539E-002   8.500000    
 -1.128326635391779E-002   8.510000    
 -1.128839896707080E-002   8.520000    
 -1.129352282894405E-002   8.530000    
 -1.129863795993738E-002   8.540000    
 -1.130374438039104E-002   8.550000    
 -1.130884211058593E-002   8.560000    
 -1.131393117074371E-002   8.570000    
 -1.131901158102713E-002   8.580000    
 -1.132408336154007E-002   8.590000    
 -1.132914653232790E-002   8.600000    
 -1.133420111337751E-002   8.610000    
 -1.133924712461766E-002   8.620000    
 -1.134428458591903E-002   8.629999    
 -1.134931351709455E-002   8.640000    
 -1.135433393789944E-002   8.650001    
 -1.135934586803160E-002   8.660000    
 -1.136434932713160E-002   8.670000    
 -1.136934433478298E-002   8.679999    
 -1.137433091051242E-002   8.690000    
 -1.137930907378998E-002   8.700000    
 -1.138427884402913E-002   8.710000    
 -1.138924024058716E-002   8.720000    
 -1.139419328276516E-002   8.730000    
 -1.139913798980836E-002   8.740000    
 -1.140407438090624E-002   8.750000    
 -1.140900247519271E-002   8.760000    
 -1.141392229174635E-002   8.770000    
 -1.141883384959053E-002   8.780001    
 -1.142373716769364E-002   8.790000    
 -1.142863226496926E-002   8.800000    
 -1.143351916027633E-002   8.810000    
 -1.143839787241934E-002   8.820000    
 -1.144326842014852E-002   8.830000    
 -1.144813082216003E-002   8.839999    
 -1.145298509709609E-002   8.849999    
 -1.145783126354518E-002   8.860001    
 -1.146266934004232E-002   8.870000    
 -1.146749934506904E-002   8.880000    
 -1.147232129705376E-002   8.890000    
 -1.147713521437185E-002   8.900000    
 -1.148194111534584E-002   8.910000    
 -1.148673901824562E-002   8.920000    
 -1.149152894128856E-002   8.930000    
 -1.149631090263973E-002   8.940001    
 -1.150108492041207E-002   8.950000    
 -1.150585101266650E-002   8.960000    
 -1.151060919741223E-002   8.970000    
 -1.151535949260678E-002   8.980000    
 -1.152010191615624E-002   8.990000    
 -1.152483648591542E-002   8.999999    
 -1.152956321968802E-002   9.010000    
 -1.153428213522679E-002   9.020000    
 -1.153899325023371E-002   9.030000    
 -1.154369658236019E-002   9.040000    
 -1.154839214920716E-002   9.050000    
 -1.155307996832528E-002   9.059999    
 -1.155776005721517E-002   9.070000    
 -1.156243243332743E-002   9.080001    
 -1.156709711406296E-002   9.090000    
 -1.157175411677304E-002   9.100000    
 -1.157640345875949E-002   9.110000    
 -1.158104515727485E-002   9.120000    
 -1.158567922952257E-002   9.130000    
 -1.159030569265716E-002   9.139999    
 -1.159492456378433E-002   9.150001    
 -1.159953585996111E-002   9.160000    
 -1.160413959819617E-002   9.170000    
 -1.160873579544979E-002   9.180000    
 -1.161332446863418E-002   9.190000    
 -1.161790563461345E-002   9.200000    
 -1.162247931020401E-002   9.210000    
 -1.162704551217453E-002   9.219999    
 -1.163160425724621E-002   9.230000    
 -1.163615556209283E-002   9.240001    
 -1.164069944334107E-002   9.250000    
 -1.164523591757049E-002   9.260000    
 -1.164976500131379E-002   9.270000    
 -1.165428671105696E-002   9.280000    
 -1.165880106323939E-002   9.290000    
 -1.166330807425406E-002   9.300000    
 -1.166780776044767E-002   9.310000    
 -1.167230013812083E-002   9.320000    
 -1.167678522352818E-002   9.330000    
 -1.168126303287852E-002   9.340000    
 -1.168573358233499E-002   9.349999    
 -1.169019688801530E-002   9.360000    
 -1.169465296599169E-002   9.370001    
 -1.169910183229127E-002   9.380000    
 -1.170354350289605E-002   9.390000    
 -1.170797799374313E-002   9.400001    
 -1.171240532072486E-002   9.410000    
 -1.171682549968899E-002   9.420000    
 -1.172123854643876E-002   9.429999    
 -1.172564447673311E-002   9.440000    
 -1.173004330628679E-002   9.450001    
 -1.173443505077055E-002   9.460000    
 -1.173881972581121E-002   9.470000    
 -1.174319734699186E-002   9.480000    
 -1.174756792985204E-002   9.490000    
 -1.175193148988776E-002   9.500000    
 -1.175628804255175E-002   9.509999    
 -1.176063760325360E-002   9.520000    
 -1.176498018735983E-002   9.530001    
 -1.176931581019409E-002   9.540000    
 -1.177364448703728E-002   9.550000    
 -1.177796623312771E-002   9.560000    
 -1.178228106366118E-002   9.570000    
 -1.178658899379124E-002   9.580000    
 -1.179089003862917E-002   9.589999    
 -1.179518421324426E-002   9.600000    
 -1.179947153266386E-002   9.610001    
 -1.180375201187356E-002   9.620000    
 -1.180802566581732E-002   9.630000    
 -1.181229250939756E-002   9.639999    
 -1.181655255747538E-002   9.650000    
 -1.182080582487065E-002   9.660000    
 -1.182505232636210E-002   9.670000    
 -1.182929207668755E-002   9.680000    
 -1.183352509054398E-002   9.690001    
 -1.183775138258766E-002   9.700000    
 -1.184197096743433E-002   9.710000    
 -1.184618385965929E-002   9.720000    
 -1.185039007379755E-002   9.730000    
 -1.185458962434391E-002   9.740001    
 -1.185878252575323E-002   9.750000    
 -1.186296879244042E-002   9.760000    
 -1.186714843878059E-002   9.770000    
 -1.187132147910928E-002   9.780000    
 -1.187548792772244E-002   9.790000    
 -1.187964779887670E-002   9.799999    
 -1.188380110678942E-002   9.809999    
 -1.188794786563882E-002   9.820001    
 -1.189208808956412E-002   9.830000    
 -1.189622179266569E-002   9.840000    
 -1.190034898900512E-002   9.850000    
 -1.190446969260545E-002   9.860000    
 -1.190858391745114E-002   9.870000    
 -1.191269167748834E-002   9.880000    
 -1.191679298662494E-002   9.890000    
 -1.192088785873070E-002   9.900001    
